# This file was generated by Animated Java via MC-Build. It is not recommended to edit this file directly.
$data merge entity $(bone_lower_rightleg) {transformation: [-0.9991f,-0.0386f,-0.0179f,-0.1218f,-0.0199f,0.0513f,0.9985f,0.1406f,-0.0377f,0.9979f,-0.052f,0.1258f,0f,0f,0f,1f],start_interpolation: 0,interpolation_duration: 1}
$data merge entity $(bone_rightleg) {transformation: [-0.9991f,-0.0073f,0.0419f,-0.1246f,-0.0199f,0.9512f,-0.308f,0.4973f,-0.0377f,-0.3085f,-0.9505f,0.0101f,0f,0f,0f,1f],start_interpolation: 0,interpolation_duration: 1}
$data merge entity $(bone_lower_leftleg) {transformation: [-0.9991f,-0.0384f,-0.0175f,0.1272f,-0.0191f,0.0399f,0.999f,0.1447f,-0.0377f,0.9985f,-0.0406f,0.1015f,0f,0f,0f,1f],start_interpolation: 0,interpolation_duration: 1}
$data merge entity $(bone_leftleg) {transformation: [-0.9991f,-0.007f,0.0416f,0.1246f,-0.0191f,0.9546f,-0.2971f,0.5027f,-0.0377f,-0.2977f,-0.9539f,-0.0101f,0f,0f,0f,1f],start_interpolation: 0,interpolation_duration: 1}
$data merge entity $(item_display_item_display) {transformation: [-0.0817f,-0.0176f,0.9965f,-0.2009f,0.0473f,0.9987f,0.0215f,0.947f,-0.9955f,0.0488f,-0.0807f,0.7356f,0f,0f,0f,1f],start_interpolation: 0,interpolation_duration: 1}
$data merge entity $(bone_rightarm) {transformation: [-0.9965f,-0.0817f,0.0176f,-0.3736f,-0.0215f,0.0473f,-0.9987f,1.0957f,0.0807f,-0.9955f,-0.0488f,0.1918f,0f,0f,0f,1f],start_interpolation: 0,interpolation_duration: 1}
$data merge entity $(bone_leftarm) {transformation: [-0.9965f,-0.0816f,-0.0178f,0.3738f,-0.0215f,0.4563f,-0.8896f,1.1118f,0.0807f,-0.8861f,-0.4564f,0.1313f,0f,0f,0f,1f],start_interpolation: 0,interpolation_duration: 1}
$data merge entity $(bone_hat) {transformation: [-0.9965f,-0.0215f,-0.0807f,0.0001f,-0.0215f,0.9998f,-0.0012f,1.2245f,0.0807f,0.0005f,-0.9967f,0.1939f,0f,0f,0f,1f],start_interpolation: 0,interpolation_duration: 1}
$data merge entity $(bone_head) {transformation: [-0.9965f,-0.0215f,-0.0807f,0.0001f,-0.0215f,0.9998f,-0.0012f,1.2245f,0.0807f,0.0005f,-0.9967f,0.1939f,0f,0f,0f,1f],start_interpolation: 0,interpolation_duration: 1}
$data merge entity $(bone_torso) {transformation: [-0.9965f,0.0001f,-0.0836f,0f,-0.0215f,0.966f,0.2576f,0.5f,0.0807f,0.2585f,-0.9626f,0f,0f,0f,0f,1f],start_interpolation: 0,interpolation_duration: 1}
data modify entity @s data merge value {"cameras":{},"locators":{"locator":{"px":-0.00010126559158153573,"py":-0.2245081173748834,"pz":-0.193876191429433,"ry":355.03936643880945,"rx":14.928212089710364}}}