# This file was generated by Animated Java via MC-Build. It is not recommended to edit this file directly.
$data merge entity $(bone_lower_rightleg) {transformation: [-0.9999f,-0.0111f,0.0029f,-0.1229f,0.003f,-0.0103f,0.9999f,0.1452f,-0.0111f,0.9999f,0.0103f,0.0621f,0f,0f,0f,1f],start_interpolation: 0,interpolation_duration: 1}
$data merge entity $(bone_rightleg) {transformation: [-0.9999f,0.0056f,0.01f,-0.1207f,0.003f,0.9685f,-0.2489f,0.5084f,-0.0111f,-0.2488f,-0.9685f,-0.0312f,0f,0f,0f,1f],start_interpolation: 0,interpolation_duration: 1}
$data merge entity $(bone_lower_leftleg) {transformation: [-0.9999f,-0.0111f,0.0029f,0.1186f,0.003f,-0.0103f,0.9999f,0.1284f,-0.0111f,0.9999f,0.0103f,0.1246f,0f,0f,0f,1f],start_interpolation: 0,interpolation_duration: 1}
$data merge entity $(bone_leftleg) {transformation: [-0.9999f,0.0056f,0.01f,0.1207f,0.003f,0.9685f,-0.2489f,0.4916f,-0.0111f,-0.2488f,-0.9685f,0.0312f,0f,0f,0f,1f],start_interpolation: 0,interpolation_duration: 1}
$data merge entity $(item_display_item_display) {transformation: [0.2241f,-0.1294f,0.9659f,-0.3514f,0.6995f,0.7115f,-0.067f,0.6381f,-0.6786f,0.6907f,0.25f,0.3946f,0f,0f,0f,1f],start_interpolation: 0,interpolation_duration: 1}
$data merge entity $(bone_rightarm) {transformation: [-0.9659f,0.2241f,0.1294f,-0.3622f,0.067f,0.6995f,-0.7115f,1.1288f,-0.25f,-0.6786f,-0.6907f,0.068f,0f,0f,0f,1f],start_interpolation: 0,interpolation_duration: 1}
$data merge entity $(bone_leftarm) {transformation: [-0.9659f,0.2241f,-0.1294f,0.3622f,0.067f,-0.2665f,-0.9615f,1.0786f,-0.25f,-0.9374f,0.2424f,0.2555f,0f,0f,0f,1f],start_interpolation: 0,interpolation_duration: 1}
$data merge entity $(bone_hat) {transformation: [-0.9659f,0.067f,0.25f,0f,0.067f,0.9977f,-0.0085f,1.2244f,-0.25f,0.0085f,-0.9682f,0.1941f,0f,0f,0f,1f],start_interpolation: 0,interpolation_duration: 1}
$data merge entity $(bone_head) {transformation: [-0.9659f,0.067f,0.25f,0f,0.067f,0.9977f,-0.0085f,1.2244f,-0.25f,0.0085f,-0.9682f,0.1941f,0f,0f,0f,1f],start_interpolation: 0,interpolation_duration: 1}
$data merge entity $(bone_torso) {transformation: [-0.9659f,0f,0.2588f,0f,0.067f,0.9659f,0.25f,0.5f,-0.25f,0.2588f,-0.933f,0f,0f,0f,0f,1f],start_interpolation: 0,interpolation_duration: 1}
data modify entity @s data merge value {"cameras":{},"locators":{"locator":{"px":3.3012743662070232e-9,"py":-0.224444368660069,"pz":-0.19411428777066864,"ry":15.504087476033533,"rx":14.477512711676507}}}