# This file was generated by Animated Java via MC-Build. It is not recommended to edit this file directly.
$data merge entity $(bone_lower_rightleg) {transformation: [-0.9995f,-0.0316f,-0.0048f,-0.1225f,-0.0045f,-0.0091f,0.9999f,0.1448f,-0.0316f,0.9995f,0.0089f,0.0642f,0f,0f,0f,1f],start_interpolation: 0,interpolation_duration: 1}
$data merge entity $(bone_rightleg) {transformation: [-0.9995f,0.0035f,0.0318f,-0.1212f,-0.0045f,0.9682f,-0.2501f,0.5079f,-0.0316f,-0.2501f,-0.9677f,-0.0296f,0f,0f,0f,1f],start_interpolation: 0,interpolation_duration: 1}
$data merge entity $(bone_lower_leftleg) {transformation: [-0.9995f,-0.0316f,-0.0045f,0.1198f,-0.004f,-0.0148f,0.9999f,0.1285f,-0.0316f,0.9994f,0.0147f,0.1212f,0f,0f,0f,1f],start_interpolation: 0,interpolation_duration: 1}
$data merge entity $(bone_leftleg) {transformation: [-0.9995f,0.0038f,0.0317f,0.1212f,-0.004f,0.9696f,-0.2445f,0.4921f,-0.0316f,-0.2445f,-0.9691f,0.0296f,0f,0f,0f,1f],start_interpolation: 0,interpolation_duration: 1}
$data merge entity $(item_display_item_display) {transformation: [0.2228f,-0.1012f,0.9696f,-0.3551f,0.6279f,0.7757f,-0.0633f,0.6694f,-0.7457f,0.623f,0.2364f,0.4441f,0f,0f,0f,1f],start_interpolation: 0,interpolation_duration: 1}
$data merge entity $(bone_rightarm) {transformation: [-0.9696f,0.2228f,0.1012f,-0.3636f,0.0633f,0.6279f,-0.7757f,1.1275f,-0.2364f,-0.7457f,-0.623f,0.0729f,0f,0f,0f,1f],start_interpolation: 0,interpolation_duration: 1}
$data merge entity $(bone_leftarm) {transformation: [-0.9696f,0.2228f,-0.1013f,0.3636f,0.0633f,-0.1715f,-0.9831f,1.08f,-0.2364f,-0.9597f,0.1522f,0.2503f,0f,0f,0f,1f],start_interpolation: 0,interpolation_duration: 1}
$data merge entity $(bone_hat) {transformation: [-0.9696f,0.0634f,0.2364f,0f,0.0633f,0.998f,-0.0079f,1.2245f,-0.2364f,0.0073f,-0.9716f,0.1939f,0f,0f,0f,1f],start_interpolation: 0,interpolation_duration: 1}
$data merge entity $(bone_head) {transformation: [-0.9696f,0.0634f,0.2364f,0f,0.0633f,0.998f,-0.0079f,1.2245f,-0.2364f,0.0073f,-0.9716f,0.1939f,0f,0f,0f,1f],start_interpolation: 0,interpolation_duration: 1}
$data merge entity $(bone_torso) {transformation: [-0.9696f,0.0001f,0.2448f,0f,0.0633f,0.966f,0.2507f,0.5f,-0.2364f,0.2585f,-0.9366f,0f,0f,0f,0f,1f],start_interpolation: 0,interpolation_duration: 1}
data modify entity @s data merge value {"cameras":{},"locators":{"locator":{"px":-0.000040437303058029666,"py":-0.22449859376812198,"pz":-0.19391179951936466,"ry":14.64500280504896,"rx":14.517305257976457}}}