# This file was generated by Animated Java via MC-Build. It is not recommended to edit this file directly.
$data merge entity $(bone_lower_rightleg) {transformation: [-0.9982f,-0.0574f,-0.0159f,-0.1226f,-0.0154f,-0.0084f,0.9998f,0.1431f,-0.0575f,0.9983f,0.0075f,0.0715f,0f,0f,0f,1f],start_interpolation: 0,interpolation_duration: 1}
$data merge entity $(bone_rightleg) {transformation: [-0.9982f,-0.0005f,0.0595f,-0.1228f,-0.0154f,0.9679f,-0.2507f,0.5061f,-0.0575f,-0.2512f,-0.9662f,-0.0227f,0f,0f,0f,1f],start_interpolation: 0,interpolation_duration: 1}
$data merge entity $(bone_lower_leftleg) {transformation: [-0.9982f,-0.0572f,-0.0154f,0.1228f,-0.0142f,-0.0217f,0.9997f,0.1297f,-0.0575f,0.9981f,0.0208f,0.112f,0f,0f,0f,1f],start_interpolation: 0,interpolation_duration: 1}
$data merge entity $(bone_leftleg) {transformation: [-0.9982f,-0.0001f,0.0592f,0.1228f,-0.0142f,0.9712f,-0.2378f,0.4939f,-0.0575f,-0.2382f,-0.9695f,0.0227f,0f,0f,0f,1f],start_interpolation: 0,interpolation_duration: 1}
$data merge entity $(item_display_item_display) {transformation: [0.1838f,-0.0397f,0.9822f,-0.3439f,0.4529f,0.8902f,-0.0488f,0.7498f,-0.8724f,0.4538f,0.1816f,0.5504f,0f,0f,0f,1f],start_interpolation: 0,interpolation_duration: 1}
$data merge entity $(bone_rightarm) {transformation: [-0.9822f,0.1838f,0.0397f,-0.3682f,0.0488f,0.4529f,-0.8902f,1.122f,-0.1816f,-0.8724f,-0.4538f,0.0937f,0f,0f,0f,1f],start_interpolation: 0,interpolation_duration: 1}
$data merge entity $(bone_leftarm) {transformation: [-0.9822f,0.1837f,-0.0399f,0.3684f,0.0488f,0.044f,-0.9978f,1.0854f,-0.1816f,-0.982f,-0.0521f,0.2299f,0f,0f,0f,1f],start_interpolation: 0,interpolation_duration: 1}
$data merge entity $(bone_hat) {transformation: [-0.9822f,0.0488f,0.1816f,0.0001f,0.0488f,0.9988f,-0.0045f,1.2244f,-0.1816f,0.0045f,-0.9834f,0.1941f,0f,0f,0f,1f],start_interpolation: 0,interpolation_duration: 1}
$data merge entity $(bone_head) {transformation: [-0.9822f,0.0488f,0.1816f,0.0001f,0.0488f,0.9988f,-0.0045f,1.2244f,-0.1816f,0.0045f,-0.9834f,0.1941f,0f,0f,0f,1f],start_interpolation: 0,interpolation_duration: 1}
$data merge entity $(bone_torso) {transformation: [-0.9822f,0.0001f,0.188f,0f,0.0488f,0.9659f,0.2542f,0.5f,-0.1816f,0.2588f,-0.9487f,0f,0f,0f,0f,1f],start_interpolation: 0,interpolation_duration: 1}
data modify entity @s data merge value {"cameras":{},"locators":{"locator":{"px":-0.00008656291268475304,"py":-0.22444010257814662,"pz":-0.19413018900579732,"ry":11.209142385703188,"rx":14.726403377024006}}}