# This file was generated by Animated Java via MC-Build. It is not recommended to edit this file directly.
$data merge entity $(bone_lower_rightleg) {transformation: [-0.9998f,-0.0185f,-0.0042f,-0.1252f,-0.0047f,0.0278f,0.9996f,0.142f,-0.0184f,0.9994f,-0.0279f,0.1018f,0f,0f,0f,1f],start_interpolation: 0,interpolation_duration: 1}
$data merge entity $(bone_rightleg) {transformation: [-0.9998f,0.0008f,0.019f,-0.1249f,-0.0047f,0.9583f,-0.2856f,0.5014f,-0.0184f,-0.2856f,-0.9582f,-0.0053f,0f,0f,0f,1f],start_interpolation: 0,interpolation_duration: 1}
$data merge entity $(bone_lower_leftleg) {transformation: [-0.9998f,-0.0185f,-0.0038f,0.1245f,-0.0043f,0.0234f,0.9997f,0.1387f,-0.0184f,0.9996f,-0.0235f,0.1108f,0f,0f,0f,1f],start_interpolation: 0,interpolation_duration: 1}
$data merge entity $(bone_leftleg) {transformation: [-0.9998f,0.0011f,0.0188f,0.1249f,-0.0043f,0.9596f,-0.2814f,0.4986f,-0.0184f,-0.2814f,-0.9594f,0.0053f,0f,0f,0f,1f],start_interpolation: 0,interpolation_duration: 1}
$data merge entity $(item_display_item_display) {transformation: [0.0397f,0.0181f,0.999f,-0.2743f,-0.1643f,0.9863f,-0.0113f,1.0757f,-0.9856f,-0.1637f,0.0421f,0.7261f,0f,0f,0f,1f],start_interpolation: 0,interpolation_duration: 1}
$data merge entity $(bone_rightarm) {transformation: [-0.999f,0.0397f,-0.0181f,-0.3746f,0.0113f,-0.1643f,-0.9863f,1.108f,-0.0421f,-0.9856f,0.1637f,0.1459f,0f,0f,0f,1f],start_interpolation: 0,interpolation_duration: 1}
$data merge entity $(bone_leftarm) {transformation: [-0.999f,0.0397f,0.018f,0.3747f,0.0113f,0.6351f,-0.7724f,1.0995f,-0.0421f,-0.7714f,-0.6349f,0.1776f,0f,0f,0f,1f],start_interpolation: 0,interpolation_duration: 1}
$data merge entity $(bone_hat) {transformation: [-0.999f,0.0113f,0.0421f,0f,0.0113f,0.9999f,-0.0003f,1.2244f,-0.0421f,0.0002f,-0.9991f,0.1941f,0f,0f,0f,1f],start_interpolation: 0,interpolation_duration: 1}
$data merge entity $(bone_head) {transformation: [-0.999f,0.0113f,0.0421f,0f,0.0113f,0.9999f,-0.0003f,1.2244f,-0.0421f,0.0002f,-0.9991f,0.1941f,0f,0f,0f,1f],start_interpolation: 0,interpolation_duration: 1}
$data merge entity $(bone_torso) {transformation: [-0.999f,0f,0.0436f,0f,0.0113f,0.9659f,0.2585f,0.5f,-0.0421f,0.2588f,-0.965f,0f,0f,0f,0f,1f],start_interpolation: 0,interpolation_duration: 1}
data modify entity @s data merge value {"cameras":{},"locators":{"locator":{"px":-0.000018086617251625818,"py":-0.2244489107583203,"pz":-0.1940973347935453,"ry":2.5889959192234073,"rx":14.983978441085414}}}