# This file was generated by Animated Java via MC-Build. It is not recommended to edit this file directly.
$data merge entity $(bone_lowerrightleg) {transformation: [-1f,0f,0f,-0.125f,0f,1f,0f,0.2791f,0f,0f,-1f,-0.1913f,0f,0f,0f,1f],start_interpolation: 0,interpolation_duration: 1}
$data merge entity $(bone_rightleg) {transformation: [-1f,0f,0f,-0.125f,0f,0.326f,-0.9454f,0.4014f,0f,-0.9454f,-0.326f,-0.5458f,0f,0f,0f,1f],start_interpolation: 0,interpolation_duration: 1}
$data merge entity $(bone_lowerleftleg) {transformation: [-1f,0f,0f,0.125f,0f,1f,0f,0.2791f,0f,0f,-1f,-0.1913f,0f,0f,0f,1f],start_interpolation: 0,interpolation_duration: 1}
$data merge entity $(bone_leftleg) {transformation: [-1f,0f,0f,0.125f,0f,0.326f,-0.9454f,0.4014f,0f,-0.9454f,-0.326f,-0.5458f,0f,0f,0f,1f],start_interpolation: 0,interpolation_duration: 1}
$data merge entity $(block_display_tingle_pen) {transformation: [-0.4418f,0.0828f,0.2304f,-0.0256f,-0.233f,-0.2511f,-0.4242f,0.5554f,0.0227f,-0.9644f,0.1302f,0.2754f,0f,0f,0f,1f],start_interpolation: 0,interpolation_duration: 1}
$data merge entity $(bone_rightarm) {transformation: [-0.8836f,-0.4609f,0.0828f,-0.375f,-0.466f,0.8484f,-0.2511f,0.657f,0.0455f,-0.2604f,-0.9644f,0.0246f,0f,0f,0f,1f],start_interpolation: 0,interpolation_duration: 1}
$data merge entity $(item_display_tingle_book) {transformation: [-0.478f,0.0183f,-0.1457f,0.0376f,-0.1375f,0.1188f,0.4658f,0.227f,0.0517f,0.4853f,-0.1085f,0.4644f,0f,0f,0f,1f],start_interpolation: 0,interpolation_duration: 1}
$data merge entity $(bone_leftarm) {transformation: [-0.882f,0.4699f,-0.0366f,0.375f,0.4644f,0.8532f,-0.2376f,0.657f,-0.0804f,-0.2265f,-0.9707f,0.0246f,0f,0f,0f,1f],start_interpolation: 0,interpolation_duration: 1}
$data merge entity $(bone_misc_head_items) {transformation: [-1f,0f,0f,0f,0f,-0.6624f,0.7491f,0.7081f,0f,0.7491f,0.6624f,0.1386f,0f,0f,0f,1f],start_interpolation: 0,interpolation_duration: 1}
$data merge entity $(bone_head) {transformation: [-1f,0f,0f,0f,0f,-0.6624f,0.7491f,0.7081f,0f,0.7491f,0.6624f,0.1386f,0f,0f,0f,1f],start_interpolation: 0,interpolation_duration: 1}
$data merge entity $(item_display_tingles_pack) {transformation: [-0.5f,0f,0f,0f,0f,0.2045f,0.2281f,0.834f,0f,0.4563f,-0.1022f,-0.1917f,0f,0f,0f,1f],start_interpolation: 0,interpolation_duration: 1}
$data merge entity $(item_display_tingles_ballon_small) {transformation: [0f,0f,0f,0f,0f,0f,0f,1.5085f,0f,0f,0f,0.3963f,0f,0f,0f,1f],start_interpolation: 0,interpolation_duration: 1}
$data merge entity $(item_display_tingles_ballon_big) {transformation: [0f,0f,0f,0f,0f,0f,0f,2.1604f,0f,0f,0f,0.8576f,0f,0f,0f,1f],start_interpolation: 0,interpolation_duration: 1}
$data merge entity $(bone_torso) {transformation: [-1f,0f,0f,0f,0f,0.409f,0.9125f,0.4014f,0f,0.9125f,-0.409f,-0.5458f,0f,0f,0f,1f],start_interpolation: 0,interpolation_duration: 1}