# This file was generated by Animated Java via MC-Build. It is not recommended to edit this file directly.
$data merge entity $(bone_lowerrightleg) {transformation: [-1f,0f,0f,-0.125f,0f,1f,0f,0.2793f,0f,0f,-1f,-0.1967f,0f,0f,0f,1f],start_interpolation: 0,interpolation_duration: 1}
$data merge entity $(bone_rightleg) {transformation: [-1f,0f,0f,-0.125f,0f,0.3086f,-0.9512f,0.395f,0f,-0.9512f,-0.3086f,-0.5534f,0f,0f,0f,1f],start_interpolation: 0,interpolation_duration: 1}
$data merge entity $(bone_lowerleftleg) {transformation: [-1f,0f,0f,0.125f,0f,1f,0f,0.2793f,0f,0f,-1f,-0.1967f,0f,0f,0f,1f],start_interpolation: 0,interpolation_duration: 1}
$data merge entity $(bone_leftleg) {transformation: [-1f,0f,0f,0.125f,0f,0.3086f,-0.9512f,0.395f,0f,-0.9512f,-0.3086f,-0.5534f,0f,0f,0f,1f],start_interpolation: 0,interpolation_duration: 1}
$data merge entity $(block_display_tingle_pen) {transformation: [-0.4327f,0.1526f,0.2387f,-0.0381f,-0.2502f,-0.2076f,-0.4203f,0.5349f,-0.0146f,-0.9662f,0.128f,0.2927f,0f,0f,0f,1f],start_interpolation: 0,interpolation_duration: 1}
$data merge entity $(bone_rightarm) {transformation: [-0.8653f,-0.4775f,0.1526f,-0.375f,-0.5004f,0.8405f,-0.2076f,0.6335f,-0.0291f,-0.256f,-0.9662f,0.0243f,0f,0f,0f,1f],start_interpolation: 0,interpolation_duration: 1}
$data merge entity $(item_display_tingle_book) {transformation: [-0.4837f,0.0025f,-0.1267f,0.0071f,-0.1246f,0.0835f,0.477f,0.1852f,0.0235f,0.493f,-0.0802f,0.419f,0f,0f,0f,1f],start_interpolation: 0,interpolation_duration: 1}
$data merge entity $(bone_leftarm) {transformation: [-0.8632f,0.5048f,-0.0049f,0.375f,0.4984f,0.8507f,-0.167f,0.6335f,-0.0801f,-0.1466f,-0.9859f,0.0243f,0f,0f,0f,1f],start_interpolation: 0,interpolation_duration: 1}
$data merge entity $(bone_head) {transformation: [-1f,0f,0f,0f,0f,-0.6995f,0.7146f,0.6812f,0f,0.7146f,0.6995f,0.1398f,0f,0f,0f,1f],start_interpolation: 0,interpolation_duration: 1}
$data merge entity $(item_display_tingles_pack) {transformation: [-0.5f,0f,0f,0f,0f,0.1908f,0.2311f,0.8169f,0f,0.4622f,-0.0954f,-0.1867f,0f,0f,0f,1f],start_interpolation: 0,interpolation_duration: 1}
$data merge entity $(item_display_tingles_ballon_small) {transformation: [0f,0f,0f,0f,0f,0f,0f,1.4736f,0f,0f,0f,0.4212f,0f,0f,0f,1f],start_interpolation: 0,interpolation_duration: 1}
$data merge entity $(item_display_tingles_ballon_big) {transformation: [0f,0f,0f,0f,0f,0f,0f,2.1115f,0f,0f,0f,0.9016f,0f,0f,0f,1f],start_interpolation: 0,interpolation_duration: 1}
$data merge entity $(bone_torso) {transformation: [-1f,0f,0f,0f,0f,0.3816f,0.9243f,0.395f,0f,0.9243f,-0.3816f,-0.5534f,0f,0f,0f,1f],start_interpolation: 0,interpolation_duration: 1}