# This file was generated by Animated Java via MC-Build. It is not recommended to edit this file directly.
$data merge entity $(bone_lowerrightleg) {transformation: [-1f,0f,0f,-0.125f,0f,1f,0f,0.3087f,0f,0f,-1f,-0.0208f,0f,0f,0f,1f],start_interpolation: 0,interpolation_duration: 1}
$data merge entity $(bone_rightleg) {transformation: [-1f,0f,0f,-0.125f,0f,0.9575f,-0.2885f,0.6678f,0f,-0.2885f,-0.9575f,-0.129f,0f,0f,0f,1f],start_interpolation: 0,interpolation_duration: 1}
$data merge entity $(bone_lowerleftleg) {transformation: [-1f,0f,0f,0.125f,0f,1f,0f,0.3087f,0f,0f,-1f,-0.0208f,0f,0f,0f,1f],start_interpolation: 0,interpolation_duration: 1}
$data merge entity $(bone_leftleg) {transformation: [-1f,0f,0f,0.125f,0f,0.9575f,-0.2885f,0.6678f,0f,-0.2885f,-0.9575f,-0.129f,0f,0f,0f,1f],start_interpolation: 0,interpolation_duration: 1}
$data merge entity $(block_display_tingle_pen) {transformation: [-0.4968f,-0.0923f,0.0322f,-0.0891f,-0.0293f,-0.0653f,-0.4981f,0.9857f,0.0481f,-0.9936f,0.0297f,0.2187f,0f,0f,0f,1f],start_interpolation: 0,interpolation_duration: 1}
$data merge entity $(bone_rightarm) {transformation: [-0.9936f,-0.0645f,-0.0923f,-0.375f,-0.0586f,0.9961f,-0.0653f,1.2701f,0.0961f,-0.0595f,-0.9936f,0.0378f,0f,0f,0f,1f],start_interpolation: 0,interpolation_duration: 1}
$data merge entity $(item_display_tingle_book) {transformation: [-0.3741f,-0.0461f,-0.3285f,0.2438f,-0.3315f,0.0326f,0.3729f,0.6716f,-0.013f,0.4968f,-0.055f,0.3795f,0f,0f,0f,1f],start_interpolation: 0,interpolation_duration: 1}
$data merge entity $(bone_leftarm) {transformation: [-0.9936f,0.0645f,0.0923f,0.375f,0.0586f,0.9961f,-0.0653f,1.2701f,-0.0961f,-0.0595f,-0.9936f,0.0378f,0f,0f,0f,1f],start_interpolation: 0,interpolation_duration: 1}
$data merge entity $(bone_head) {transformation: [-1f,0f,0f,0f,0f,0.8575f,0.5144f,1.3906f,0f,0.5144f,-0.8575f,0.0712f,0f,0f,0f,1f],start_interpolation: 0,interpolation_duration: 1}
$data merge entity $(item_display_tingles_pack) {transformation: [-0.5f,0f,0f,0f,0f,0.4819f,0.0667f,1.2163f,0f,0.1335f,-0.2409f,-0.2365f,0f,0f,0f,1f],start_interpolation: 0,interpolation_duration: 1}
$data merge entity $(item_display_tingles_ballon_small) {transformation: [0f,0f,0f,0f,0f,0f,0f,2.0995f,0f,0f,0f,-0.381f,0f,0f,0f,1f],start_interpolation: 0,interpolation_duration: 1}
$data merge entity $(item_display_tingles_ballon_big) {transformation: [0f,0f,0f,0f,0f,0f,0f,2.8705f,0f,0f,0f,-0.589f,0f,0f,0f,1f],start_interpolation: 0,interpolation_duration: 1}
$data merge entity $(bone_torso) {transformation: [-1f,0f,0f,0f,0f,0.9637f,0.2669f,0.6678f,0f,0.2669f,-0.9637f,-0.129f,0f,0f,0f,1f],start_interpolation: 0,interpolation_duration: 1}