# This file was generated by Animated Java via MC-Build. It is not recommended to edit this file directly.
$data merge entity $(bone_lowerrightleg) {transformation: [-1f,0f,0f,-0.125f,0f,1f,0f,0.3874f,0f,0f,-1f,-0.013f,0f,0f,0f,1f],start_interpolation: 0,interpolation_duration: 1}
$data merge entity $(bone_rightleg) {transformation: [-1f,0f,0f,-0.125f,0f,0.9985f,-0.0549f,0.7618f,0f,-0.0549f,-0.9985f,-0.0336f,0f,0f,0f,1f],start_interpolation: 0,interpolation_duration: 1}
$data merge entity $(bone_lowerleftleg) {transformation: [-1f,0f,0f,0.125f,0f,1f,0f,0.3874f,0f,0f,-1f,-0.013f,0f,0f,0f,1f],start_interpolation: 0,interpolation_duration: 1}
$data merge entity $(bone_leftleg) {transformation: [-1f,0f,0f,0.125f,0f,0.9985f,-0.0549f,0.7618f,0f,-0.0549f,-0.9985f,-0.0336f,0f,0f,0f,1f],start_interpolation: 0,interpolation_duration: 1}
$data merge entity $(block_display_tingle_pen) {transformation: [0.0651f,-0.7298f,-0.3356f,-0.4804f,0.4805f,-0.0736f,0.1332f,1.2267f,-0.1219f,-0.6797f,0.3459f,0.2269f,0f,0f,0f,1f],start_interpolation: 0,interpolation_duration: 1}
$data merge entity $(bone_rightarm) {transformation: [0.1301f,0.6712f,-0.7298f,-0.375f,0.9611f,-0.2663f,-0.0736f,1.37f,-0.2438f,-0.6918f,-0.6797f,-0.1777f,0f,0f,0f,1f],start_interpolation: 0,interpolation_duration: 1}
$data merge entity $(item_display_tingle_book) {transformation: [-0.0475f,-0.0427f,-0.4959f,0.6966f,0.1577f,0.4712f,-0.0557f,1.8621f,0.4721f,-0.1617f,-0.0313f,0.2051f,0f,0f,0f,1f],start_interpolation: 0,interpolation_duration: 1}
$data merge entity $(bone_leftarm) {transformation: [-0.7685f,-0.6341f,0.0855f,0.375f,0.1442f,-0.3018f,-0.9424f,1.37f,0.6234f,-0.7119f,0.3234f,-0.1777f,0f,0f,0f,1f],start_interpolation: 0,interpolation_duration: 1}
$data merge entity $(bone_head) {transformation: [-1f,0f,0f,0f,0f,0.9634f,-0.2682f,1.4916f,0f,-0.2682f,-0.9634f,-0.2065f,0f,0f,0f,1f],start_interpolation: 0,interpolation_duration: 1}
$data merge entity $(item_display_tingles_pack) {transformation: [-0.5f,0f,0f,0f,0f,0.4865f,-0.0577f,1.1907f,0f,-0.1153f,-0.2433f,-0.3921f,0f,0f,0f,1f],start_interpolation: 0,interpolation_duration: 1}
$data merge entity $(item_display_tingles_ballon_small) {transformation: [0f,0f,0f,0f,0f,0f,0f,1.8948f,0f,0f,0f,-0.9444f,0f,0f,0f,1f],start_interpolation: 0,interpolation_duration: 1}
$data merge entity $(item_display_tingles_ballon_big) {transformation: [0f,0f,0f,0f,0f,0f,0f,2.4701f,0f,0f,0f,-1.4982f,0f,0f,0f,1f],start_interpolation: 0,interpolation_duration: 1}
$data merge entity $(bone_torso) {transformation: [-1f,0f,0f,0f,0f,0.973f,-0.2306f,0.7618f,0f,-0.2306f,-0.973f,-0.0336f,0f,0f,0f,1f],start_interpolation: 0,interpolation_duration: 1}