# This file was generated by Animated Java via MC-Build. It is not recommended to edit this file directly.
$data merge entity $(bone_lowerrightleg) {transformation: [-1f,0f,0f,-0.125f,0f,1f,0f,0.2744f,0f,0f,-1f,-0.0485f,0f,0f,0f,1f],start_interpolation: 0,interpolation_duration: 1}
$data merge entity $(bone_rightleg) {transformation: [-1f,0f,0f,-0.125f,0f,0.8434f,-0.5373f,0.5906f,0f,-0.5373f,-0.8434f,-0.25f,0f,0f,0f,1f],start_interpolation: 0,interpolation_duration: 1}
$data merge entity $(bone_lowerleftleg) {transformation: [-1f,0f,0f,0.125f,0f,1f,0f,0.2744f,0f,0f,-1f,-0.0485f,0f,0f,0f,1f],start_interpolation: 0,interpolation_duration: 1}
$data merge entity $(bone_leftleg) {transformation: [-1f,0f,0f,0.125f,0f,0.8434f,-0.5373f,0.5906f,0f,-0.5373f,-0.8434f,-0.25f,0f,0f,0f,1f],start_interpolation: 0,interpolation_duration: 1}
$data merge entity $(block_display_tingle_pen) {transformation: [-0.4881f,-0.131f,0.0864f,-0.0524f,-0.0776f,-0.1344f,-0.4894f,0.89f,0.0757f,-0.9822f,0.0554f,0.2435f,0f,0f,0f,1f],start_interpolation: 0,interpolation_duration: 1}
$data merge entity $(bone_rightarm) {transformation: [-0.9762f,-0.1728f,-0.131f,-0.375f,-0.1552f,0.9787f,-0.1344f,1.1319f,0.1514f,-0.1109f,-0.9822f,0.0625f,0f,0f,0f,1f],start_interpolation: 0,interpolation_duration: 1}
$data merge entity $(item_display_tingle_book) {transformation: [-0.4062f,-0.0655f,-0.2841f,0.1651f,-0.2912f,0.0672f,0.4009f,0.5719f,-0.0143f,0.4911f,-0.0927f,0.4293f,0f,0f,0f,1f],start_interpolation: 0,interpolation_duration: 1}
$data merge entity $(bone_leftarm) {transformation: [-0.9762f,0.1728f,0.131f,0.375f,0.1552f,0.9787f,-0.1344f,1.1319f,-0.1514f,-0.1109f,-0.9822f,0.0625f,0f,0f,0f,1f],start_interpolation: 0,interpolation_duration: 1}
$data merge entity $(bone_head) {transformation: [-1f,0f,0f,0f,0f,0.5f,0.866f,1.2401f,0f,0.866f,-0.5f,0.125f,0f,0f,0f,1f],start_interpolation: 0,interpolation_duration: 1}
$data merge entity $(item_display_tingles_pack) {transformation: [-0.5f,0f,0f,0f,0f,0.433f,0.125f,1.1486f,0f,0.25f,-0.2165f,-0.2165f,0f,0f,0f,1f],start_interpolation: 0,interpolation_duration: 1}
$data merge entity $(item_display_tingles_ballon_small) {transformation: [0f,0f,0f,0f,0f,0f,0f,2.0398f,0f,0f,0f,-0.135f,0f,0f,0f,1f],start_interpolation: 0,interpolation_duration: 1}
$data merge entity $(item_display_tingles_ballon_big) {transformation: [0f,0f,0f,0f,0f,0f,0f,2.8383f,0f,0f,0f,-0.1431f,0f,0f,0f,1f],start_interpolation: 0,interpolation_duration: 1}
$data merge entity $(bone_torso) {transformation: [-1f,0f,0f,0f,0f,0.866f,0.5f,0.5906f,0f,0.5f,-0.866f,-0.25f,0f,0f,0f,1f],start_interpolation: 0,interpolation_duration: 1}