# This file was generated by Animated Java via MC-Build. It is not recommended to edit this file directly.
$data merge entity $(bone_lowerrightleg) {transformation: [-1f,0f,0f,-0.125f,0f,1f,0f,0.2637f,0f,0f,-1f,-0.0913f,0f,0f,0f,1f],start_interpolation: 0,interpolation_duration: 1}
$data merge entity $(bone_rightleg) {transformation: [-1f,0f,0f,-0.125f,0f,0.6661f,-0.7458f,0.5135f,0f,-0.7458f,-0.6661f,-0.371f,0f,0f,0f,1f],start_interpolation: 0,interpolation_duration: 1}
$data merge entity $(bone_lowerleftleg) {transformation: [-1f,0f,0f,0.125f,0f,1f,0f,0.2637f,0f,0f,-1f,-0.0913f,0f,0f,0f,1f],start_interpolation: 0,interpolation_duration: 1}
$data merge entity $(bone_leftleg) {transformation: [-1f,0f,0f,0.125f,0f,0.6661f,-0.7458f,0.5135f,0f,-0.7458f,-0.6661f,-0.371f,0f,0f,0f,1f],start_interpolation: 0,interpolation_duration: 1}
$data merge entity $(block_display_tingle_pen) {transformation: [-0.474f,-0.1048f,0.1504f,-0.0244f,-0.1378f,-0.2029f,-0.4698f,0.7725f,0.0797f,-0.9736f,0.0817f,0.261f,0f,0f,0f,1f],start_interpolation: 0,interpolation_duration: 1}
$data merge entity $(bone_rightarm) {transformation: [-0.9479f,-0.3007f,-0.1048f,-0.375f,-0.2756f,0.9396f,-0.2029f,0.9591f,0.1595f,-0.1635f,-0.9736f,0.0672f,0f,0f,0f,1f],start_interpolation: 0,interpolation_duration: 1}
$data merge entity $(item_display_tingle_book) {transformation: [-0.4415f,-0.0524f,-0.2288f,0.0951f,-0.2347f,0.1015f,0.4296f,0.4525f,0.0014f,0.4868f,-0.1142f,0.4637f,0f,0f,0f,1f],start_interpolation: 0,interpolation_duration: 1}
$data merge entity $(bone_leftarm) {transformation: [-0.9479f,0.3007f,0.1048f,0.375f,0.2756f,0.9396f,-0.2029f,0.9591f,-0.1595f,-0.1635f,-0.9736f,0.0672f,0f,0f,0f,1f],start_interpolation: 0,interpolation_duration: 1}
$data merge entity $(bone_head) {transformation: [-1f,0f,0f,0f,0f,0.0168f,0.9999f,1.0482f,0f,0.9999f,-0.0168f,0.1549f,0f,0f,0f,1f],start_interpolation: 0,interpolation_duration: 1}
$data merge entity $(item_display_tingles_pack) {transformation: [-0.5f,0f,0f,0f,0f,0.3565f,0.1753f,1.0453f,0f,0.3506f,-0.1783f,-0.1987f,0f,0f,0f,1f],start_interpolation: 0,interpolation_duration: 1}
$data merge entity $(item_display_tingles_ballon_small) {transformation: [0f,0f,0f,0f,0f,0f,0f,1.8875f,0f,0f,0f,0.1036f,0f,0f,0f,1f],start_interpolation: 0,interpolation_duration: 1}
$data merge entity $(item_display_tingles_ballon_big) {transformation: [0f,0f,0f,0f,0f,0f,0f,2.6626f,0f,0f,0f,0.296f,0f,0f,0f,1f],start_interpolation: 0,interpolation_duration: 1}
$data merge entity $(bone_torso) {transformation: [-1f,0f,0f,0f,0f,0.713f,0.7012f,0.5135f,0f,0.7012f,-0.713f,-0.371f,0f,0f,0f,1f],start_interpolation: 0,interpolation_duration: 1}