# This file was generated by Animated Java via MC-Build. It is not recommended to edit this file directly.
$data merge entity $(bone_lower_rightleg) {transformation: [-0.999f,0.0436f,-0.0008f,-0.1413f,0.0436f,0.999f,0.0001f,0.3776f,0.0008f,0f,-1f,0.0008f,0f,0f,0f,1f],start_interpolation: 0,interpolation_duration: 1}
$data merge entity $(bone_rightleg) {transformation: [-0.999f,0.0436f,-0.0011f,-0.125f,0.0436f,0.999f,-0.0087f,0.7522f,0.0008f,-0.0087f,-1f,-0.0025f,0f,0f,0f,1f],start_interpolation: 0,interpolation_duration: 1}
$data merge entity $(bone_lower_leftleg) {transformation: [-0.999f,-0.0436f,-0.0008f,0.1413f,-0.0436f,0.999f,0f,0.3732f,0.0008f,0f,-1f,0.0008f,0f,0f,0f,1f],start_interpolation: 0,interpolation_duration: 1}
$data merge entity $(bone_leftleg) {transformation: [-0.999f,-0.0436f,-0.0004f,0.125f,-0.0436f,0.999f,-0.0087f,0.7478f,0.0008f,-0.0087f,-1f,-0.0025f,0f,0f,0f,1f],start_interpolation: 0,interpolation_duration: 1}
$data merge entity $(bone_rightarm) {transformation: [-0.9958f,-0.0915f,-0.0067f,-0.364f,0.0884f,-0.9374f,-0.3369f,1.3814f,0.0246f,-0.336f,0.9415f,-0.0025f,0f,0f,0f,1f],start_interpolation: 0,interpolation_duration: 1}
$data merge entity $(bone_leftarm) {transformation: [-0.9998f,0.0174f,0.0005f,0.3859f,0.0175f,0.9995f,0.0262f,1.3684f,0f,0.0262f,-0.9997f,-0.0025f,0f,0f,0f,1f],start_interpolation: 0,interpolation_duration: 1}
$data merge entity $(bone_hat) {transformation: [-0.9998f,0.0123f,-0.0123f,0.0131f,0.0175f,0.707f,-0.707f,1.4999f,0f,-0.7071f,-0.7071f,-0.0025f,0f,0f,0f,1f],start_interpolation: 0,interpolation_duration: 1}
$data merge entity $(bone_head) {transformation: [-0.9998f,0.0123f,-0.0123f,0.0131f,0.0175f,0.707f,-0.707f,1.4999f,0f,-0.7071f,-0.7071f,-0.0025f,0f,0f,0f,1f],start_interpolation: 0,interpolation_duration: 1}
$data merge entity $(bone_torso) {transformation: [-0.9998f,0.0175f,0f,0f,0.0175f,0.9998f,0f,0.75f,0f,0f,-1f,-0.0025f,0f,0f,0f,1f],start_interpolation: 0,interpolation_duration: 1}