# This file was generated by Animated Java via MC-Build. It is not recommended to edit this file directly.
$data merge entity $(bone_lower_rightleg) {transformation: [-0.999f,0.0436f,-0.0011f,-0.1413f,0.0436f,0.999f,0.0001f,0.3787f,0.0011f,0f,-1f,0.0011f,0f,0f,0f,1f],start_interpolation: 0,interpolation_duration: 1}
$data merge entity $(bone_rightleg) {transformation: [-0.999f,0.0436f,-0.0017f,-0.125f,0.0436f,0.999f,-0.013f,0.7533f,0.0011f,-0.013f,-0.9999f,-0.0038f,0f,0f,0f,1f],start_interpolation: 0,interpolation_duration: 1}
$data merge entity $(bone_lower_leftleg) {transformation: [-0.999f,-0.0436f,-0.0011f,0.1413f,-0.0436f,0.999f,0f,0.3721f,0.0011f,0f,-1f,0.0011f,0f,0f,0f,1f],start_interpolation: 0,interpolation_duration: 1}
$data merge entity $(bone_leftleg) {transformation: [-0.999f,-0.0436f,-0.0006f,0.125f,-0.0436f,0.999f,-0.0131f,0.7467f,0.0011f,-0.013f,-0.9999f,-0.0037f,0f,0f,0f,1f],start_interpolation: 0,interpolation_duration: 1}
$data merge entity $(bone_rightarm) {transformation: [-0.9874f,-0.158f,-0.0097f,-0.3585f,0.1522f,-0.9302f,-0.334f,1.3846f,0.0438f,-0.3312f,0.9425f,-0.0038f,0f,0f,0f,1f],start_interpolation: 0,interpolation_duration: 1}
$data merge entity $(bone_leftarm) {transformation: [-0.9997f,0.0262f,0.001f,0.3912f,0.0262f,0.9989f,0.0392f,1.365f,0f,0.0393f,-0.9992f,-0.0037f,0f,0f,0f,1f],start_interpolation: 0,interpolation_duration: 1}
$data merge entity $(bone_hat) {transformation: [-0.9997f,0.0185f,-0.0185f,0.0196f,0.0262f,0.7069f,-0.7069f,1.4997f,0f,-0.7071f,-0.7071f,-0.0037f,0f,0f,0f,1f],start_interpolation: 0,interpolation_duration: 1}
$data merge entity $(bone_head) {transformation: [-0.9997f,0.0185f,-0.0185f,0.0196f,0.0262f,0.7069f,-0.7069f,1.4997f,0f,-0.7071f,-0.7071f,-0.0037f,0f,0f,0f,1f],start_interpolation: 0,interpolation_duration: 1}
$data merge entity $(bone_torso) {transformation: [-0.9997f,0.0262f,0f,0f,0.0262f,0.9997f,0f,0.75f,0f,0f,-1f,-0.0037f,0f,0f,0f,1f],start_interpolation: 0,interpolation_duration: 1}