# This file was generated by Animated Java via MC-Build. It is not recommended to edit this file directly.
$data merge entity $(bone_lower_rightleg) {transformation: [-0.999f,0.0437f,-0.0019f,-0.1412f,0.0437f,0.999f,0.0002f,0.3809f,0.0019f,0.0001f,-1f,0.0019f,0f,0f,0f,1f],start_interpolation: 0,interpolation_duration: 1}
$data merge entity $(bone_rightleg) {transformation: [-0.999f,0.0436f,-0.0028f,-0.1249f,0.0437f,0.9988f,-0.0216f,0.7555f,0.0019f,-0.0217f,-0.9998f,-0.0063f,0f,0f,0f,1f],start_interpolation: 0,interpolation_duration: 1}
$data merge entity $(bone_lower_leftleg) {transformation: [-0.999f,-0.0436f,-0.0019f,0.1412f,-0.0436f,0.9991f,0f,0.37f,0.0019f,0.0001f,-1f,0.0019f,0f,0f,0f,1f],start_interpolation: 0,interpolation_duration: 1}
$data merge entity $(bone_leftleg) {transformation: [-0.999f,-0.0436f,-0.001f,0.1249f,-0.0436f,0.9988f,-0.0218f,0.7445f,0.0019f,-0.0217f,-0.9998f,-0.0062f,0f,0f,0f,1f],start_interpolation: 0,interpolation_duration: 1}
$data merge entity $(bone_rightarm) {transformation: [-0.9541f,-0.2992f,-0.0148f,-0.3474f,0.287f,-0.8989f,-0.3312f,1.3908f,0.0858f,-0.3202f,0.9434f,-0.0063f,0f,0f,0f,1f],start_interpolation: 0,interpolation_duration: 1}
$data merge entity $(bone_leftarm) {transformation: [-0.999f,0.0435f,0.0029f,0.4019f,0.0436f,0.9969f,0.0653f,1.358f,0f,0.0654f,-0.9979f,-0.0062f,0f,0f,0f,1f],start_interpolation: 0,interpolation_duration: 1}
$data merge entity $(bone_hat) {transformation: [-0.999f,0.0308f,-0.0308f,0.0327f,0.0436f,0.7064f,-0.7064f,1.4993f,0f,-0.7071f,-0.7071f,-0.0062f,0f,0f,0f,1f],start_interpolation: 0,interpolation_duration: 1}
$data merge entity $(bone_head) {transformation: [-0.999f,0.0308f,-0.0308f,0.0327f,0.0436f,0.7064f,-0.7064f,1.4993f,0f,-0.7071f,-0.7071f,-0.0062f,0f,0f,0f,1f],start_interpolation: 0,interpolation_duration: 1}
$data merge entity $(bone_torso) {transformation: [-0.999f,0.0436f,0f,0f,0.0436f,0.999f,0f,0.75f,0f,0f,-1f,-0.0062f,0f,0f,0f,1f],start_interpolation: 0,interpolation_duration: 1}