# This file was generated by Animated Java via MC-Build. It is not recommended to edit this file directly.
$data merge entity $(bone_lower_rightleg) {transformation: [-0.999f,0.0437f,-0.0027f,-0.1411f,0.0437f,0.999f,0.0002f,0.3832f,0.0027f,0.0001f,-1f,0.0027f,0f,0f,0f,1f],start_interpolation: 0,interpolation_duration: 1}
$data merge entity $(bone_rightleg) {transformation: [-0.999f,0.0436f,-0.004f,-0.1248f,0.0437f,0.9986f,-0.0303f,0.7576f,0.0027f,-0.0304f,-0.9995f,-0.0088f,0f,0f,0f,1f],start_interpolation: 0,interpolation_duration: 1}
$data merge entity $(bone_lower_leftleg) {transformation: [-0.999f,-0.0436f,-0.0027f,0.1411f,-0.0436f,0.9991f,0f,0.3679f,0.0027f,0.0001f,-1f,0.0027f,0f,0f,0f,1f],start_interpolation: 0,interpolation_duration: 1}
$data merge entity $(bone_leftleg) {transformation: [-0.999f,-0.0436f,-0.0013f,0.1248f,-0.0436f,0.9986f,-0.0305f,0.7424f,0.0027f,-0.0304f,-0.9995f,-0.0087f,0f,0f,0f,1f],start_interpolation: 0,interpolation_duration: 1}
$data merge entity $(bone_rightarm) {transformation: [-0.9009f,-0.4335f,-0.0199f,-0.3361f,0.4148f,-0.8466f,-0.3335f,1.3967f,0.1277f,-0.3087f,0.9426f,-0.0088f,0f,0f,0f,1f],start_interpolation: 0,interpolation_duration: 1}
$data merge entity $(bone_leftarm) {transformation: [-0.9981f,0.0608f,0.0056f,0.4125f,0.061f,0.9939f,0.0913f,1.3509f,0f,0.0915f,-0.9958f,-0.0087f,0f,0f,0f,1f],start_interpolation: 0,interpolation_duration: 1}
$data merge entity $(bone_hat) {transformation: [-0.9981f,0.0432f,-0.0432f,0.0458f,0.061f,0.7058f,-0.7058f,1.4986f,0f,-0.7071f,-0.7071f,-0.0087f,0f,0f,0f,1f],start_interpolation: 0,interpolation_duration: 1}
$data merge entity $(bone_head) {transformation: [-0.9981f,0.0432f,-0.0432f,0.0458f,0.061f,0.7058f,-0.7058f,1.4986f,0f,-0.7071f,-0.7071f,-0.0087f,0f,0f,0f,1f],start_interpolation: 0,interpolation_duration: 1}
$data merge entity $(bone_torso) {transformation: [-0.9981f,0.061f,0f,0f,0.061f,0.9981f,0f,0.75f,0f,0f,-1f,-0.0087f,0f,0f,0f,1f],start_interpolation: 0,interpolation_duration: 1}