# This file was generated by Animated Java via MC-Build. It is not recommended to edit this file directly.
$data merge entity $(bone_lower_rightleg) {transformation: [-1f,0f,0f,-0.125f,0f,0f,1f,0.1098f,0f,1f,0f,0.2652f,0f,0f,0f,1f],start_interpolation: 0,interpolation_duration: 1}
$data merge entity $(bone_rightleg) {transformation: [-1f,0f,0f,-0.125f,0f,0.7071f,-0.7071f,0.375f,0f,-0.7071f,-0.7071f,0f,0f,0f,0f,1f],start_interpolation: 0,interpolation_duration: 1}
$data merge entity $(bone_lower_leftleg) {transformation: [-1f,0f,0f,0.125f,0f,0f,1f,0.1098f,0f,1f,0f,0.2652f,0f,0f,0f,1f],start_interpolation: 0,interpolation_duration: 1}
$data merge entity $(bone_leftleg) {transformation: [-1f,0f,0f,0.125f,0f,0.7071f,-0.7071f,0.375f,0f,-0.7071f,-0.7071f,0f,0f,0f,0f,1f],start_interpolation: 0,interpolation_duration: 1}
$data merge entity $(bone_rightarm) {transformation: [-0.9659f,-0.1936f,-0.1718f,-0.375f,-0.0818f,0.858f,-0.5071f,0.968f,0.2456f,-0.4758f,-0.8446f,0.1975f,0f,0f,0f,1f],start_interpolation: 0,interpolation_duration: 1}
$data merge entity $(bone_leftarm) {transformation: [-0.9659f,0.1936f,0.1718f,0.375f,0.0818f,0.858f,-0.5071f,0.968f,-0.2456f,-0.4758f,-0.8446f,0.1975f,0f,0f,0f,1f],start_interpolation: 0,interpolation_duration: 1}
$data merge entity $(bone_hat) {transformation: [-1f,0f,0f,0f,0f,1f,0f,1.0866f,0f,0f,-1f,0.237f,0f,0f,0f,1f],start_interpolation: 0,interpolation_duration: 1}
$data merge entity $(bone_head) {transformation: [-1f,0f,0f,0f,0f,1f,0f,1.0866f,0f,0f,-1f,0.237f,0f,0f,0f,1f],start_interpolation: 0,interpolation_duration: 1}
$data merge entity $(bone_torso) {transformation: [-1f,0f,0f,0f,0f,0.9488f,0.3159f,0.375f,0f,0.3159f,-0.9488f,0f,0f,0f,0f,1f],start_interpolation: 0,interpolation_duration: 1}