# This file was generated by Animated Java via MC-Build. It is not recommended to edit this file directly.
$data merge entity $(bone_lowerrightleg) {transformation: [-1f,0f,0f,-0.125f,0f,0.806f,0.5919f,0.3893f,0f,0.5919f,-0.806f,-0.289f,0f,0f,0f,1f],start_interpolation: 0,interpolation_duration: 1}
$data merge entity $(bone_rightleg) {transformation: [-1f,0f,0f,-0.125f,0f,0.9157f,0.4018f,0.7327f,0f,0.4018f,-0.9157f,-0.1383f,0f,0f,0f,1f],start_interpolation: 0,interpolation_duration: 1}
$data merge entity $(bone_lowerleftleg) {transformation: [-1f,0f,0f,0.125f,0f,1f,0f,0.3853f,0f,0f,-1f,0.003f,0f,0f,0f,1f],start_interpolation: 0,interpolation_duration: 1}
$data merge entity $(bone_leftleg) {transformation: [-1f,0f,0f,0.125f,0f,0.9263f,-0.3767f,0.7327f,0f,-0.3767f,-0.9263f,-0.1383f,0f,0f,0f,1f],start_interpolation: 0,interpolation_duration: 1}
$data merge entity $(block_display_tingle_pen) {transformation: [-0.2515f,-0.0176f,-0.432f,-0.516f,0.4003f,0.3672f,-0.2368f,0.8947f,0.1628f,-0.93f,-0.0853f,0.1368f,0f,0f,0f,1f],start_interpolation: 0,interpolation_duration: 1}
$data merge entity $(bone_rightarm) {transformation: [-0.503f,0.8641f,-0.0176f,-0.375f,0.8006f,0.4735f,0.3672f,1.3117f,0.3256f,0.1706f,-0.93f,0.0971f,0f,0f,0f,1f],start_interpolation: 0,interpolation_duration: 1}
$data merge entity $(item_display_tingle_book) {transformation: [0.2458f,-0.0639f,-0.4307f,0.9167f,-0.4215f,-0.159f,-0.217f,0.9751f,-0.1093f,0.4697f,-0.132f,0.3895f,0f,0f,0f,1f],start_interpolation: 0,interpolation_duration: 1}
$data merge entity $(bone_leftarm) {transformation: [-0.2614f,-0.9567f,0.1278f,0.375f,-0.9029f,0.2892f,0.318f,1.3117f,-0.3412f,-0.0322f,-0.9394f,0.0971f,0f,0f,0f,1f],start_interpolation: 0,interpolation_duration: 1}
$data merge entity $(bone_head) {transformation: [-1f,0f,0f,0f,0f,0.6738f,0.7389f,1.4275f,0f,0.7389f,-0.6738f,0.1442f,0f,0f,0f,1f],start_interpolation: 0,interpolation_duration: 1}
$data merge entity $(item_display_tingles_pack) {transformation: [-0.5f,0f,0f,0f,0f,0.4632f,0.0942f,1.2901f,0f,0.1884f,-0.2316f,-0.1815f,0f,0f,0f,1f],start_interpolation: 0,interpolation_duration: 1}
$data merge entity $(item_display_tingles_ballon_small) {transformation: [0f,0f,0f,0f,0f,0f,0f,2.184f,0f,0f,0f,-0.2228f,0f,0f,0f,1f],start_interpolation: 0,interpolation_duration: 1}
$data merge entity $(item_display_tingles_ballon_big) {transformation: [0f,0f,0f,0f,0f,0f,0f,2.9739f,0f,0f,0f,-0.3402f,0f,0f,0f,1f],start_interpolation: 0,interpolation_duration: 1}
$data merge entity $(bone_torso) {transformation: [-1f,0f,0f,0f,0f,0.9263f,0.3767f,0.7327f,0f,0.3767f,-0.9263f,-0.1383f,0f,0f,0f,1f],start_interpolation: 0,interpolation_duration: 1}