# This file was generated by Animated Java via MC-Build. It is not recommended to edit this file directly.
$data merge entity $(bone_lowerrightleg) {transformation: [-1f,0f,0f,-0.125f,0f,0.689f,0.7247f,0.4003f,0f,0.7247f,-0.689f,-0.3138f,0f,0f,0f,1f],start_interpolation: 0,interpolation_duration: 1}
$data merge entity $(bone_rightleg) {transformation: [-1f,0f,0f,-0.125f,0f,0.8858f,0.464f,0.7325f,0f,0.464f,-0.8858f,-0.1398f,0f,0f,0f,1f],start_interpolation: 0,interpolation_duration: 1}
$data merge entity $(bone_lowerleftleg) {transformation: [-1f,0f,0f,0.125f,0f,1f,0f,0.3857f,0f,0f,-1f,0.0029f,0f,0f,0f,1f],start_interpolation: 0,interpolation_duration: 1}
$data merge entity $(bone_leftleg) {transformation: [-1f,0f,0f,0.125f,0f,0.9248f,-0.3805f,0.7325f,0f,-0.3805f,-0.9248f,-0.1398f,0f,0f,0f,1f],start_interpolation: 0,interpolation_duration: 1}
$data merge entity $(block_display_tingle_pen) {transformation: [-0.267f,-0.0319f,-0.4224f,-0.4995f,0.3909f,0.3617f,-0.2539f,0.8885f,0.1609f,-0.9318f,-0.0841f,0.1397f,0f,0f,0f,1f],start_interpolation: 0,interpolation_duration: 1}
$data merge entity $(bone_rightarm) {transformation: [-0.5341f,0.8448f,-0.0319f,-0.375f,0.7818f,0.5079f,0.3617f,1.3105f,0.3217f,0.1682f,-0.9318f,0.098f,0f,0f,0f,1f],start_interpolation: 0,interpolation_duration: 1}
$data merge entity $(item_display_tingle_book) {transformation: [0.2446f,-0.0744f,-0.4297f,0.9081f,-0.424f,-0.1558f,-0.2144f,0.9714f,-0.102f,0.4693f,-0.1393f,0.403f,0f,0f,0f,1f],start_interpolation: 0,interpolation_duration: 1}
$data merge entity $(bone_leftarm) {transformation: [-0.2618f,-0.9536f,0.1487f,0.375f,-0.9028f,0.2965f,0.3115f,1.3105f,-0.3412f,-0.0527f,-0.9385f,0.098f,0f,0f,0f,1f],start_interpolation: 0,interpolation_duration: 1}
$data merge entity $(bone_head) {transformation: [-1f,0f,0f,0f,0f,0.6696f,0.7427f,1.4261f,0f,0.7427f,-0.6696f,0.1456f,0f,0f,0f,1f],start_interpolation: 0,interpolation_duration: 1}
$data merge entity $(item_display_tingles_pack) {transformation: [-0.5f,0f,0f,0f,0f,0.4624f,0.0951f,1.29f,0f,0.1903f,-0.2312f,-0.1807f,0f,0f,0f,1f],start_interpolation: 0,interpolation_duration: 1}
$data merge entity $(item_display_tingles_ballon_small) {transformation: [0f,0f,0f,0f,0f,0f,0f,2.1841f,0f,0f,0f,-0.2183f,0f,0f,0f,1f],start_interpolation: 0,interpolation_duration: 1}
$data merge entity $(item_display_tingles_ballon_big) {transformation: [0f,0f,0f,0f,0f,0f,0f,2.9745f,0f,0f,0f,-0.3324f,0f,0f,0f,1f],start_interpolation: 0,interpolation_duration: 1}
$data merge entity $(bone_torso) {transformation: [-1f,0f,0f,0f,0f,0.9248f,0.3805f,0.7325f,0f,0.3805f,-0.9248f,-0.1398f,0f,0f,0f,1f],start_interpolation: 0,interpolation_duration: 1}