# This file was generated by Animated Java via MC-Build. It is not recommended to edit this file directly.
$data merge entity $(bone_lowerrightleg) {transformation: [-1f,0f,0f,-0.125f,0f,0.5239f,0.8518f,0.4151f,0f,0.8518f,-0.5239f,-0.3404f,0f,0f,0f,1f],start_interpolation: 0,interpolation_duration: 1}
$data merge entity $(bone_rightleg) {transformation: [-1f,0f,0f,-0.125f,0f,0.8461f,0.533f,0.7324f,0f,0.533f,-0.8461f,-0.1405f,0f,0f,0f,1f],start_interpolation: 0,interpolation_duration: 1}
$data merge entity $(bone_lowerleftleg) {transformation: [-1f,0f,0f,0.125f,0f,1f,0f,0.3859f,0f,0f,-1f,0.0029f,0f,0f,0f,1f],start_interpolation: 0,interpolation_duration: 1}
$data merge entity $(bone_leftleg) {transformation: [-1f,0f,0f,0.125f,0f,0.924f,-0.3824f,0.7324f,0f,-0.3824f,-0.924f,-0.1405f,0f,0f,0f,1f],start_interpolation: 0,interpolation_duration: 1}
$data merge entity $(block_display_tingle_pen) {transformation: [-0.282f,-0.0475f,-0.4122f,-0.4828f,0.3815f,0.3519f,-0.2711f,0.8838f,0.1579f,-0.9348f,-0.0811f,0.1441f,0f,0f,0f,1f],start_interpolation: 0,interpolation_duration: 1}
$data merge entity $(bone_rightarm) {transformation: [-0.5639f,0.8244f,-0.0475f,-0.375f,0.763f,0.5422f,0.3519f,1.3099f,0.3158f,0.1622f,-0.9348f,0.0985f,0f,0f,0f,1f],start_interpolation: 0,interpolation_duration: 1}
$data merge entity $(item_display_tingle_book) {transformation: [0.2431f,-0.0853f,-0.4285f,0.8989f,-0.4268f,-0.1512f,-0.212f,0.9691f,-0.0934f,0.4689f,-0.1464f,0.4172f,0f,0f,0f,1f],start_interpolation: 0,interpolation_duration: 1}
$data merge entity $(bone_leftarm) {transformation: [-0.2622f,-0.9498f,0.1707f,0.375f,-0.9035f,0.3038f,0.3024f,1.3099f,-0.3391f,-0.0749f,-0.9378f,0.0985f,0f,0f,0f,1f],start_interpolation: 0,interpolation_duration: 1}
$data merge entity $(bone_misc_head_items) {transformation: [-1f,0f,0f,0f,0f,0.6685f,0.7437f,1.4254f,0f,0.7437f,-0.6685f,0.1463f,0f,0f,0f,1f],start_interpolation: 0,interpolation_duration: 1}
$data merge entity $(bone_head) {transformation: [-1f,0f,0f,0f,0f,0.6685f,0.7437f,1.4254f,0f,0.7437f,-0.6685f,0.1463f,0f,0f,0f,1f],start_interpolation: 0,interpolation_duration: 1}
$data merge entity $(item_display_tingles_pack) {transformation: [-0.5f,0f,0f,0f,0f,0.462f,0.0956f,1.29f,0f,0.1912f,-0.231f,-0.1803f,0f,0f,0f,1f],start_interpolation: 0,interpolation_duration: 1}
$data merge entity $(item_display_tingles_ballon_small) {transformation: [0f,0f,0f,0f,0f,0f,0f,2.1842f,0f,0f,0f,-0.2161f,0f,0f,0f,1f],start_interpolation: 0,interpolation_duration: 1}
$data merge entity $(item_display_tingles_ballon_big) {transformation: [0f,0f,0f,0f,0f,0f,0f,2.9748f,0f,0f,0f,-0.3285f,0f,0f,0f,1f],start_interpolation: 0,interpolation_duration: 1}
$data merge entity $(bone_torso) {transformation: [-1f,0f,0f,0f,0f,0.924f,0.3824f,0.7324f,0f,0.3824f,-0.924f,-0.1405f,0f,0f,0f,1f],start_interpolation: 0,interpolation_duration: 1}