# This file was generated by Animated Java via MC-Build. It is not recommended to edit this file directly.
$data merge entity $(bone_lowerrightleg) {transformation: [-1f,0f,0f,-0.125f,0f,0.3693f,0.9293f,0.4288f,0f,0.9293f,-0.3693f,-0.3606f,0f,0f,0f,1f],start_interpolation: 0,interpolation_duration: 1}
$data merge entity $(bone_rightleg) {transformation: [-1f,0f,0f,-0.125f,0f,0.8098f,0.5867f,0.7324f,0f,0.5867f,-0.8098f,-0.1405f,0f,0f,0f,1f],start_interpolation: 0,interpolation_duration: 1}
$data merge entity $(block_display_tingle_pen) {transformation: [-0.2961f,-0.0642f,-0.4016f,-0.4659f,0.3723f,0.3377f,-0.288f,0.8805f,0.1541f,-0.9391f,-0.0761f,0.15f,0f,0f,0f,1f],start_interpolation: 0,interpolation_duration: 1}
$data merge entity $(bone_rightarm) {transformation: [-0.5922f,0.8032f,-0.0642f,-0.375f,0.7445f,0.5759f,0.3377f,1.3099f,0.3082f,0.1522f,-0.9391f,0.0985f,0f,0f,0f,1f],start_interpolation: 0,interpolation_duration: 1}
$data merge entity $(item_display_tingle_book) {transformation: [0.2413f,-0.0967f,-0.4271f,0.889f,-0.4299f,-0.1454f,-0.21f,0.9682f,-0.0836f,0.4685f,-0.1533f,0.432f,0f,0f,0f,1f],start_interpolation: 0,interpolation_duration: 1}
$data merge entity $(bone_leftarm) {transformation: [-0.2627f,-0.9453f,0.1934f,0.375f,-0.9049f,0.3109f,0.2907f,1.3099f,-0.335f,-0.0986f,-0.9371f,0.0985f,0f,0f,0f,1f],start_interpolation: 0,interpolation_duration: 1}
$data merge entity $(bone_misc_head_items) {transformation: [-1f,0f,0f,0f,0f,0.6704f,0.742f,1.4254f,0f,0.742f,-0.6704f,0.1463f,0f,0f,0f,1f],start_interpolation: 0,interpolation_duration: 1}
$data merge entity $(bone_head) {transformation: [-1f,0f,0f,0f,0f,0.6704f,0.742f,1.4254f,0f,0.742f,-0.6704f,0.1463f,0f,0f,0f,1f],start_interpolation: 0,interpolation_duration: 1}