# This file was generated by Animated Java via MC-Build. It is not recommended to edit this file directly.
$data merge entity $(bone_lowerrightleg) {transformation: [-1f,0f,0f,-0.125f,0f,0.3029f,0.953f,0.4345f,0f,0.953f,-0.3029f,-0.3674f,0f,0f,0f,1f],start_interpolation: 0,interpolation_duration: 1}
$data merge entity $(bone_rightleg) {transformation: [-1f,0f,0f,-0.125f,0f,0.7948f,0.6069f,0.7325f,0f,0.6069f,-0.7948f,-0.1398f,0f,0f,0f,1f],start_interpolation: 0,interpolation_duration: 1}
$data merge entity $(bone_lowerleftleg) {transformation: [-1f,0f,0f,0.125f,0f,1f,0f,0.3857f,0f,0f,-1f,0.0029f,0f,0f,0f,1f],start_interpolation: 0,interpolation_duration: 1}
$data merge entity $(bone_leftleg) {transformation: [-1f,0f,0f,0.125f,0f,0.9248f,-0.3805f,0.7325f,0f,-0.3805f,-0.9248f,-0.1398f,0f,0f,0f,1f],start_interpolation: 0,interpolation_duration: 1}
$data merge entity $(block_display_tingle_pen) {transformation: [-0.3092f,-0.0818f,-0.3908f,-0.4493f,0.3634f,0.3189f,-0.3042f,0.8789f,0.1495f,-0.9442f,-0.0689f,0.1573f,0f,0f,0f,1f],start_interpolation: 0,interpolation_duration: 1}
$data merge entity $(bone_rightarm) {transformation: [-0.6185f,0.7816f,-0.0818f,-0.375f,0.7267f,0.6084f,0.3189f,1.3105f,0.299f,0.1378f,-0.9442f,0.098f,0f,0f,0f,1f],start_interpolation: 0,interpolation_duration: 1}
$data merge entity $(item_display_tingle_book) {transformation: [0.2393f,-0.1084f,-0.4254f,0.8784f,-0.433f,-0.1383f,-0.2084f,0.9689f,-0.0725f,0.4681f,-0.16f,0.4475f,0f,0f,0f,1f],start_interpolation: 0,interpolation_duration: 1}
$data merge entity $(bone_leftarm) {transformation: [-0.2631f,-0.9401f,0.2168f,0.375f,-0.907f,0.3176f,0.2765f,1.3105f,-0.3288f,-0.1238f,-0.9362f,0.098f,0f,0f,0f,1f],start_interpolation: 0,interpolation_duration: 1}
$data merge entity $(bone_misc_head_items) {transformation: [-1f,0f,0f,0f,0f,0.6749f,0.7379f,1.4261f,0f,0.7379f,-0.6749f,0.1456f,0f,0f,0f,1f],start_interpolation: 0,interpolation_duration: 1}
$data merge entity $(bone_head) {transformation: [-1f,0f,0f,0f,0f,0.6749f,0.7379f,1.4261f,0f,0.7379f,-0.6749f,0.1456f,0f,0f,0f,1f],start_interpolation: 0,interpolation_duration: 1}
$data merge entity $(item_display_tingles_pack) {transformation: [-0.5f,0f,0f,0f,0f,0.4624f,0.0951f,1.29f,0f,0.1903f,-0.2312f,-0.1807f,0f,0f,0f,1f],start_interpolation: 0,interpolation_duration: 1}
$data merge entity $(item_display_tingles_ballon_small) {transformation: [0f,0f,0f,0f,0f,0f,0f,2.1841f,0f,0f,0f,-0.2183f,0f,0f,0f,1f],start_interpolation: 0,interpolation_duration: 1}
$data merge entity $(item_display_tingles_ballon_big) {transformation: [0f,0f,0f,0f,0f,0f,0f,2.9745f,0f,0f,0f,-0.3324f,0f,0f,0f,1f],start_interpolation: 0,interpolation_duration: 1}
$data merge entity $(bone_torso) {transformation: [-1f,0f,0f,0f,0f,0.9248f,0.3805f,0.7325f,0f,0.3805f,-0.9248f,-0.1398f,0f,0f,0f,1f],start_interpolation: 0,interpolation_duration: 1}