# This file was generated by Animated Java via MC-Build. It is not recommended to edit this file directly.
$data merge entity $(bone_lowerrightleg) {transformation: [-1f,0f,0f,-0.125f,0f,0.9505f,0.3108f,0.3802f,0f,0.3108f,-0.9505f,-0.0984f,0f,0f,0f,1f],start_interpolation: 0,interpolation_duration: 1}
$data merge entity $(bone_rightleg) {transformation: [-1f,0f,0f,-0.125f,0f,0.9801f,0.1986f,0.7477f,0f,0.1986f,-0.9801f,-0.0239f,0f,0f,0f,1f],start_interpolation: 0,interpolation_duration: 1}
$data merge entity $(bone_lowerleftleg) {transformation: [-1f,0f,0f,0.125f,0f,1f,-0.0053f,0.3735f,0f,-0.0053f,-1f,0f,0f,0f,0f,1f],start_interpolation: 0,interpolation_duration: 1}
$data merge entity $(bone_leftleg) {transformation: [-1f,0f,0f,0.125f,0f,0.998f,-0.0636f,0.7477f,0f,-0.0636f,-0.998f,-0.0239f,0f,0f,0f,1f],start_interpolation: 0,interpolation_duration: 1}
$data merge entity $(block_display_tingle_pen) {transformation: [-0.1353f,0.0198f,-0.4812f,-0.6118f,0.4809f,0.0487f,-0.1347f,1.0384f,0.0208f,-0.9986f,-0.0161f,0.1699f,0f,0f,0f,1f],start_interpolation: 0,interpolation_duration: 1}
$data merge entity $(bone_rightarm) {transformation: [-0.2707f,0.9625f,0.0198f,-0.375f,0.9618f,0.2695f,0.0487f,1.3721f,0.0415f,0.0322f,-0.9986f,0.0031f,0f,0f,0f,1f],start_interpolation: 0,interpolation_duration: 1}
$data merge entity $(item_display_tingle_book) {transformation: [0.2499f,-0.0025f,-0.433f,0.9609f,-0.4327f,-0.0204f,-0.2497f,1.1373f,-0.0164f,0.4996f,-0.0124f,0.3092f,0f,0f,0f,1f],start_interpolation: 0,interpolation_duration: 1}
$data merge entity $(bone_leftarm) {transformation: [-0.2589f,-0.9659f,0.005f,0.375f,-0.965f,0.2589f,0.0408f,1.3721f,-0.0407f,0.0057f,-0.9992f,0.0031f,0f,0f,0f,1f],start_interpolation: 0,interpolation_duration: 1}
$data merge entity $(bone_misc_head_items) {transformation: [-1f,0f,0f,0f,0f,0.9971f,0.0762f,1.497f,0f,0.0762f,-0.9971f,0.0085f,0f,0f,0f,1f],start_interpolation: 0,interpolation_duration: 1}
$data merge entity $(bone_head) {transformation: [-1f,0f,0f,0f,0f,0.9971f,0.0762f,1.497f,0f,0.0762f,-0.9971f,0.0085f,0f,0f,0f,1f],start_interpolation: 0,interpolation_duration: 1}
$data merge entity $(item_display_tingles_pack) {transformation: [-0.5f,0f,0f,0f,0f,0.4995f,0.0108f,1.258f,0f,0.0216f,-0.2498f,-0.2521f,0f,0f,0f,1f],start_interpolation: 0,interpolation_duration: 1}
$data merge entity $(item_display_tingles_ballon_small) {transformation: [0f,0f,0f,0f,0f,0f,0f,2.0859f,0f,0f,0f,-0.5917f,0f,0f,0f,1f],start_interpolation: 0,interpolation_duration: 1}
$data merge entity $(item_display_tingles_ballon_big) {transformation: [0f,0f,0f,0f,0f,0f,0f,2.7903f,0f,0f,0f,-0.9679f,0f,0f,0f,1f],start_interpolation: 0,interpolation_duration: 1}
$data merge entity $(bone_torso) {transformation: [-1f,0f,0f,0f,0f,0.9991f,0.0431f,0.7477f,0f,0.0431f,-0.9991f,-0.0239f,0f,0f,0f,1f],start_interpolation: 0,interpolation_duration: 1}