# This file was generated by Animated Java via MC-Build. It is not recommended to edit this file directly.
$data merge entity $(bone_lowerrightleg) {transformation: [-1f,0f,0f,-0.125f,0f,0.866f,0.5f,0.382f,0f,0.5f,-0.866f,-0.2533f,0f,0f,0f,1f],start_interpolation: 0,interpolation_duration: 1}
$data merge entity $(bone_rightleg) {transformation: [-1f,0f,0f,-0.125f,0f,0.9397f,0.342f,0.7344f,0f,0.342f,-0.9397f,-0.125f,0f,0f,0f,1f],start_interpolation: 0,interpolation_duration: 1}
$data merge entity $(bone_lowerleftleg) {transformation: [-1f,0f,0f,0.125f,0f,1f,0f,0.382f,0f,0f,-1f,0.0033f,0f,0f,0f,1f],start_interpolation: 0,interpolation_duration: 1}
$data merge entity $(bone_leftleg) {transformation: [-1f,0f,0f,0.125f,0f,0.9397f,-0.342f,0.7344f,0f,-0.342f,-0.9397f,-0.125f,0f,0f,0f,1f],start_interpolation: 0,interpolation_duration: 1}
$data merge entity $(block_display_tingle_pen) {transformation: [-0.3536f,-0.183f,-0.3415f,-0.3773f,0.3322f,0.1584f,-0.3652f,0.8976f,0.1209f,-0.9703f,0.0048f,0.2132f,0f,0f,0f,1f],start_interpolation: 0,interpolation_duration: 1}
$data merge entity $(bone_rightarm) {transformation: [-0.7071f,0.683f,-0.183f,-0.375f,0.6645f,0.7303f,0.1584f,1.3217f,0.2418f,-0.0096f,-0.9703f,0.0888f,0f,0f,0f,1f],start_interpolation: 0,interpolation_duration: 1}
$data merge entity $(item_display_tingle_book) {transformation: [0.2254f,-0.1689f,-0.4131f,0.8173f,-0.4463f,-0.0856f,-0.2086f,1.0002f,-0.0002f,0.4628f,-0.1893f,0.5284f,0f,0f,0f,1f],start_interpolation: 0,interpolation_duration: 1}
$data merge entity $(bone_leftarm) {transformation: [-0.2654f,-0.903f,0.3378f,0.375f,-0.9261f,0.3362f,0.1711f,1.3217f,-0.2681f,-0.2674f,-0.9256f,0.0888f,0f,0f,0f,1f],start_interpolation: 0,interpolation_duration: 1}
$data merge entity $(bone_misc_head_items) {transformation: [-1f,0f,0f,0f,0f,0.7254f,0.6884f,1.4391f,0f,0.6884f,-0.7254f,0.1315f,0f,0f,0f,1f],start_interpolation: 0,interpolation_duration: 1}
$data merge entity $(bone_head) {transformation: [-1f,0f,0f,0f,0f,0.7254f,0.6884f,1.4391f,0f,0.6884f,-0.7254f,0.1315f,0f,0f,0f,1f],start_interpolation: 0,interpolation_duration: 1}
$data merge entity $(item_display_tingles_pack) {transformation: [-0.5f,0f,0f,0f,0f,0.4698f,0.0855f,1.2897f,0f,0.171f,-0.2349f,-0.1889f,0f,0f,0f,1f],start_interpolation: 0,interpolation_duration: 1}
$data merge entity $(item_display_tingles_ballon_small) {transformation: [0f,0f,0f,0f,0f,0f,0f,2.1815f,0f,0f,0f,-0.2634f,0f,0f,0f,1f],start_interpolation: 0,interpolation_duration: 1}
$data merge entity $(item_display_tingles_ballon_big) {transformation: [0f,0f,0f,0f,0f,0f,0f,2.9665f,0f,0f,0f,-0.41f,0f,0f,0f,1f],start_interpolation: 0,interpolation_duration: 1}
$data merge entity $(bone_torso) {transformation: [-1f,0f,0f,0f,0f,0.9397f,0.342f,0.7344f,0f,0.342f,-0.9397f,-0.125f,0f,0f,0f,1f],start_interpolation: 0,interpolation_duration: 1}