# This file was generated by Animated Java via MC-Build. It is not recommended to edit this file directly.
$data merge entity $(bone_lowerrightleg) {transformation: [-1f,0f,0f,-0.125f,0f,0.8971f,-0.4418f,0.4632f,0f,-0.4418f,-0.8971f,0.2511f,0f,0f,0f,1f],start_interpolation: 0,interpolation_duration: 1}
$data merge entity $(bone_rightleg) {transformation: [-1f,0f,0f,-0.125f,0f,0.7782f,-0.628f,0.755f,0f,-0.628f,-0.7782f,0.0156f,0f,0f,0f,1f],start_interpolation: 0,interpolation_duration: 1}
$data merge entity $(bone_lowerleftleg) {transformation: [-1f,0f,0f,0.125f,0f,0.9977f,0.0673f,0.38f,0f,0.0673f,-0.9977f,0.0161f,0f,0f,0f,1f],start_interpolation: 0,interpolation_duration: 1}
$data merge entity $(bone_leftleg) {transformation: [-1f,0f,0f,0.125f,0f,1f,-0.0013f,0.755f,0f,-0.0013f,-1f,0.0156f,0f,0f,0f,1f],start_interpolation: 0,interpolation_duration: 1}
$data merge entity $(block_display_tingle_pen) {transformation: [-0.3649f,-0.5491f,-0.2036f,-0.2168f,0.3403f,-0.6388f,-0.1794f,1.2148f,-0.0316f,-0.539f,0.42f,0.3372f,0f,0f,0f,1f],start_interpolation: 0,interpolation_duration: 1}
$data merge entity $(bone_rightarm) {transformation: [-0.7299f,0.4072f,-0.5491f,-0.375f,0.6807f,0.3587f,-0.6388f,1.3773f,-0.0632f,-0.8399f,-0.539f,-0.0421f,0f,0f,0f,1f],start_interpolation: 0,interpolation_duration: 1}
$data merge entity $(item_display_tingle_book) {transformation: [0.1976f,-0.2467f,-0.3874f,0.7211f,-0.3793f,0.1501f,-0.2891f,1.3324f,0.259f,0.4081f,-0.1278f,0.5665f,0f,0f,0f,1f],start_interpolation: 0,interpolation_duration: 1}
$data merge entity $(bone_leftarm) {transformation: [-0.2683f,-0.8274f,0.4935f,0.375f,-0.9453f,0.1275f,-0.3003f,1.3773f,0.1855f,-0.547f,-0.8163f,-0.0421f,0f,0f,0f,1f],start_interpolation: 0,interpolation_duration: 1}
$data merge entity $(bone_head) {transformation: [-1f,0f,0f,0f,0f,0.9872f,0.1594f,1.5018f,0f,0.1594f,-0.9872f,-0.0537f,0f,0f,0f,1f],start_interpolation: 0,interpolation_duration: 1}
$data merge entity $(item_display_tingles_pack) {transformation: [-0.5f,0f,0f,0f,0f,0.4979f,-0.0231f,1.2298f,0f,-0.0462f,-0.2489f,-0.2795f,0f,0f,0f,1f],start_interpolation: 0,interpolation_duration: 1}
$data merge entity $(item_display_tingles_ballon_small) {transformation: [0f,0f,0f,0f,0f,0f,0f,2.0041f,0f,0f,0f,-0.728f,0f,0f,0f,1f],start_interpolation: 0,interpolation_duration: 1}
$data merge entity $(item_display_tingles_ballon_big) {transformation: [0f,0f,0f,0f,0f,0f,0f,2.6512f,0f,0f,0f,-1.196f,0f,0f,0f,1f],start_interpolation: 0,interpolation_duration: 1}
$data merge entity $(bone_torso) {transformation: [-1f,0f,0f,0f,0f,0.9957f,-0.0924f,0.755f,0f,-0.0924f,-0.9957f,0.0156f,0f,0f,0f,1f],start_interpolation: 0,interpolation_duration: 1}