# This file was generated by Animated Java via MC-Build. It is not recommended to edit this file directly.
$data merge entity $(bone_lowerrightleg) {transformation: [-1f,0f,0f,-0.125f,0f,0.5324f,-0.8465f,0.7422f,0f,-0.8465f,-0.5324f,0.3309f,0f,0f,0f,1f],start_interpolation: 0,interpolation_duration: 1}
$data merge entity $(bone_rightleg) {transformation: [-1f,0f,0f,-0.125f,0f,0.0406f,-0.9992f,0.7575f,0f,-0.9992f,-0.0406f,-0.0438f,0f,0f,0f,1f],start_interpolation: 0,interpolation_duration: 1}
$data merge entity $(bone_lowerleftleg) {transformation: [-1f,0f,0f,0.125f,0f,0.9974f,0.0722f,0.386f,0f,0.0722f,-0.9974f,0.0078f,0f,0f,0f,1f],start_interpolation: 0,interpolation_duration: 1}
$data merge entity $(bone_leftleg) {transformation: [-1f,0f,0f,0.125f,0f,0.9905f,-0.1375f,0.7575f,0f,-0.1375f,-0.9905f,-0.0438f,0f,0f,0f,1f],start_interpolation: 0,interpolation_duration: 1}
$data merge entity $(block_display_tingle_pen) {transformation: [-0.3611f,-0.6313f,-0.1414f,-0.1645f,0.3387f,-0.7281f,-0.0523f,1.304f,-0.07f,-0.2671f,0.4767f,0.2128f,0f,0f,0f,1f],start_interpolation: 0,interpolation_duration: 1}
$data merge entity $(bone_rightarm) {transformation: [-0.7221f,0.2829f,-0.6313f,-0.375f,0.6775f,0.1045f,-0.7281f,1.3695f,-0.14f,-0.9534f,-0.2671f,-0.1703f,0f,0f,0f,1f],start_interpolation: 0,interpolation_duration: 1}
$data merge entity $(item_display_tingle_book) {transformation: [0.1892f,-0.265f,-0.3794f,0.6952f,-0.3395f,0.1992f,-0.3084f,1.4093f,0.3146f,0.3743f,-0.1045f,0.4527f,0f,0f,0f,1f],start_interpolation: 0,interpolation_duration: 1}
$data merge entity $(bone_leftarm) {transformation: [-0.269f,-0.8042f,0.53f,0.375f,-0.9162f,0.0439f,-0.3983f,1.3695f,0.2971f,-0.5927f,-0.7486f,-0.1703f,0f,0f,0f,1f],start_interpolation: 0,interpolation_duration: 1}
$data merge entity $(bone_head) {transformation: [-1f,0f,0f,0f,0f,0.9991f,0.0414f,1.4919f,0f,0.0414f,-0.9991f,-0.1956f,0f,0f,0f,1f],start_interpolation: 0,interpolation_duration: 1}
$data merge entity $(item_display_tingles_pack) {transformation: [-0.5f,0f,0f,0f,0f,0.4897f,-0.0506f,1.1965f,0f,-0.1012f,-0.2448f,-0.3898f,0f,0f,0f,1f],start_interpolation: 0,interpolation_duration: 1}
$data merge entity $(item_display_tingles_ballon_small) {transformation: [0f,0f,0f,0f,0f,0f,0f,1.9163f,0f,0f,0f,-0.9215f,0f,0f,0f,1f],start_interpolation: 0,interpolation_duration: 1}
$data merge entity $(item_display_tingles_ballon_big) {transformation: [0f,0f,0f,0f,0f,0f,0f,2.5074f,0f,0f,0f,-1.4584f,0f,0f,0f,1f],start_interpolation: 0,interpolation_duration: 1}
$data merge entity $(bone_torso) {transformation: [-1f,0f,0f,0f,0f,0.9793f,-0.2023f,0.7575f,0f,-0.2023f,-0.9793f,-0.0438f,0f,0f,0f,1f],start_interpolation: 0,interpolation_duration: 1}