# This file was generated by Animated Java via MC-Build. It is not recommended to edit this file directly.
$data merge entity $(bone_lowerrightleg) {transformation: [-1f,0f,0f,-0.125f,0f,0.1643f,-0.9864f,0.8903f,0f,-0.9864f,-0.1643f,0.1908f,0f,0f,0f,1f],start_interpolation: 0,interpolation_duration: 1}
$data merge entity $(bone_rightleg) {transformation: [-1f,0f,0f,-0.125f,0f,-0.4213f,-0.9069f,0.7323f,0f,-0.9069f,0.4213f,-0.1493f,0f,0f,0f,1f],start_interpolation: 0,interpolation_duration: 1}
$data merge entity $(bone_lowerleftleg) {transformation: [-1f,0f,0f,0.125f,0f,0.998f,-0.0636f,0.3791f,0f,-0.0636f,-0.998f,-0.0235f,0f,0f,0f,1f],start_interpolation: 0,interpolation_duration: 1}
$data merge entity $(bone_leftleg) {transformation: [-1f,0f,0f,0.125f,0f,0.942f,-0.3356f,0.7323f,0f,-0.3356f,-0.942f,-0.1493f,0f,0f,0f,1f],start_interpolation: 0,interpolation_duration: 1}
$data merge entity $(block_display_tingle_pen) {transformation: [-0.3569f,-0.6804f,-0.083f,-0.1209f,0.3358f,-0.7322f,0.0567f,1.3364f,-0.0994f,-0.0307f,0.4898f,0.0349f,0f,0f,0f,1f],start_interpolation: 0,interpolation_duration: 1}
$data merge entity $(bone_rightarm) {transformation: [-0.7138f,0.1661f,-0.6804f,-0.375f,0.6716f,-0.1133f,-0.7322f,1.3316f,-0.1987f,-0.9796f,-0.0307f,-0.3266f,0f,0f,0f,1f],start_interpolation: 0,interpolation_duration: 1}
$data merge entity $(item_display_tingle_book) {transformation: [0.1812f,-0.2809f,-0.3719f,0.6715f,-0.3028f,0.2323f,-0.323f,1.4394f,0.3542f,0.3423f,-0.0859f,0.3f,0f,0f,0f,1f],start_interpolation: 0,interpolation_duration: 1}
$data merge entity $(bone_leftarm) {transformation: [-0.2696f,-0.7822f,0.5617f,0.375f,-0.8851f,-0.0286f,-0.4646f,1.3316f,0.3795f,-0.6224f,-0.6846f,-0.3266f,0f,0f,0f,1f],start_interpolation: 0,interpolation_duration: 1}
$data merge entity $(bone_misc_head_items) {transformation: [-1f,0f,0f,0f,0f,0.9999f,0.0135f,1.4515f,0f,0.0135f,-0.9999f,-0.3621f,0f,0f,0f,1f],start_interpolation: 0,interpolation_duration: 1}
$data merge entity $(bone_head) {transformation: [-1f,0f,0f,0f,0f,0.9999f,0.0135f,1.4515f,0f,0.0135f,-0.9999f,-0.3621f,0f,0f,0f,1f],start_interpolation: 0,interpolation_duration: 1}
$data merge entity $(item_display_tingles_pack) {transformation: [-0.5f,0f,0f,0f,0f,0.4795f,-0.0709f,1.1409f,0f,-0.1419f,-0.2397f,-0.5309f,0f,0f,0f,1f],start_interpolation: 0,interpolation_duration: 1}
$data merge entity $(item_display_tingles_ballon_small) {transformation: [0f,0f,0f,0f,0f,0f,0f,1.8136f,0f,0f,0f,-1.121f,0f,0f,0f,1f],start_interpolation: 0,interpolation_duration: 1}
$data merge entity $(item_display_tingles_ballon_big) {transformation: [0f,0f,0f,0f,0f,0f,0f,2.3576f,0f,0f,0f,-1.7056f,0f,0f,0f,1f],start_interpolation: 0,interpolation_duration: 1}
$data merge entity $(bone_torso) {transformation: [-1f,0f,0f,0f,0f,0.9589f,-0.2837f,0.7323f,0f,-0.2837f,-0.9589f,-0.1493f,0f,0f,0f,1f],start_interpolation: 0,interpolation_duration: 1}