# This file was generated by Animated Java via MC-Build. It is not recommended to edit this file directly.
$data merge entity $(bone_lowerrightleg) {transformation: [-1f,0f,0f,-0.125f,0f,0.4667f,-0.8844f,0.7245f,0f,-0.8844f,-0.4667f,0.1019f,0f,0f,0f,1f],start_interpolation: 0,interpolation_duration: 1}
$data merge entity $(bone_rightleg) {transformation: [-1f,0f,0f,-0.125f,0f,-0.1039f,-0.9946f,0.6856f,0f,-0.9946f,0.1039f,-0.2711f,0f,0f,0f,1f],start_interpolation: 0,interpolation_duration: 1}
$data merge entity $(bone_lowerleftleg) {transformation: [-1f,0f,0f,0.125f,0f,0.9747f,-0.2234f,0.3662f,0f,-0.2234f,-0.9747f,-0.0745f,0f,0f,0f,1f],start_interpolation: 0,interpolation_duration: 1}
$data merge entity $(bone_leftleg) {transformation: [-1f,0f,0f,0.125f,0f,0.8515f,-0.5244f,0.6856f,0f,-0.5244f,-0.8515f,-0.2711f,0f,0f,0f,1f],start_interpolation: 0,interpolation_duration: 1}
$data merge entity $(block_display_tingle_pen) {transformation: [-0.3557f,-0.6999f,-0.0321f,-0.086f,0.3486f,-0.7143f,0.03f,1.284f,-0.0439f,-0.0021f,0.4981f,-0.0156f,0f,0f,0f,1f],start_interpolation: 0,interpolation_duration: 1}
$data merge entity $(bone_rightarm) {transformation: [-0.7114f,0.0642f,-0.6999f,-0.375f,0.6973f,-0.06f,-0.7143f,1.3057f,-0.0879f,-0.9961f,-0.0021f,-0.3492f,0f,0f,0f,1f],start_interpolation: 0,interpolation_duration: 1}
$data merge entity $(item_display_tingle_book) {transformation: [0.1681f,-0.3043f,-0.3594f,0.6342f,-0.3449f,0.1802f,-0.314f,1.3327f,0.3206f,0.3535f,-0.1493f,0.3021f,0f,0f,0f,1f],start_interpolation: 0,interpolation_duration: 1}
$data merge entity $(bone_leftarm) {transformation: [-0.2704f,-0.746f,0.6085f,0.375f,-0.9318f,0.0438f,-0.3604f,1.3057f,0.2423f,-0.6645f,-0.7069f,-0.3492f,0f,0f,0f,1f],start_interpolation: 0,interpolation_duration: 1}
$data merge entity $(bone_head) {transformation: [-1f,0f,0f,0f,0f,0.8744f,0.4851f,1.4297f,0f,0.4851f,-0.8744f,-0.3649f,0f,0f,0f,1f],start_interpolation: 0,interpolation_duration: 1}
$data merge entity $(item_display_tingles_pack) {transformation: [-0.5f,0f,0f,0f,0f,0.4961f,-0.0313f,1.1504f,0f,-0.0625f,-0.248f,-0.5817f,0f,0f,0f,1f],start_interpolation: 0,interpolation_duration: 1}
$data merge entity $(item_display_tingles_ballon_small) {transformation: [0f,0f,0f,0f,0f,0f,0f,1.9096f,0f,0f,0f,-1.0553f,0f,0f,0f,1f],start_interpolation: 0,interpolation_duration: 1}
$data merge entity $(item_display_tingles_ballon_big) {transformation: [0f,0f,0f,0f,0f,0f,0f,2.5409f,0f,0f,0f,-1.5443f,0f,0f,0f,1f],start_interpolation: 0,interpolation_duration: 1}
$data merge entity $(bone_torso) {transformation: [-1f,0f,0f,0f,0f,0.9922f,-0.125f,0.6856f,0f,-0.125f,-0.9922f,-0.2711f,0f,0f,0f,1f],start_interpolation: 0,interpolation_duration: 1}