# This file was generated by Animated Java via MC-Build. It is not recommended to edit this file directly.
$data merge entity $(bone_lowerrightleg) {transformation: [-1f,0f,0f,-0.125f,0f,0.9921f,-0.1257f,0.3765f,0f,-0.1257f,-0.9921f,0.0393f,0f,0f,0f,1f],start_interpolation: 0,interpolation_duration: 1}
$data merge entity $(bone_rightleg) {transformation: [-1f,0f,0f,-0.125f,0f,0.9913f,-0.1316f,0.7483f,0f,-0.1316f,-0.9913f,-0.01f,0f,0f,0f,1f],start_interpolation: 0,interpolation_duration: 1}
$data merge entity $(bone_lowerleftleg) {transformation: [-1f,0f,0f,0.125f,0f,1f,0.0048f,0.3734f,0f,0.0048f,-1f,0.0002f,0f,0f,0f,1f],start_interpolation: 0,interpolation_duration: 1}
$data merge entity $(bone_leftleg) {transformation: [-1f,0f,0f,0.125f,0f,0.9996f,-0.0274f,0.7483f,0f,-0.0274f,-0.9996f,-0.01f,0f,0f,0f,1f],start_interpolation: 0,interpolation_duration: 1}
$data merge entity $(block_display_tingle_pen) {transformation: [-0.1353f,-0.0351f,-0.481f,-0.6014f,0.4805f,0.0477f,-0.1361f,1.038f,0.0277f,-0.9982f,0.0104f,0.2058f,0f,0f,0f,1f],start_interpolation: 0,interpolation_duration: 1}
$data merge entity $(bone_rightarm) {transformation: [-0.2707f,0.962f,-0.0351f,-0.375f,0.9611f,0.2722f,0.0477f,1.3722f,0.0554f,-0.0209f,-0.9982f,0.0259f,0f,0f,0f,1f],start_interpolation: 0,interpolation_duration: 1}
$data merge entity $(item_display_tingle_book) {transformation: [0.2498f,-0.0097f,-0.433f,0.9563f,-0.4329f,-0.0243f,-0.2491f,1.1344f,-0.0162f,0.4993f,-0.0205f,0.3386f,0f,0f,0f,1f],start_interpolation: 0,interpolation_duration: 1}
$data merge entity $(bone_leftarm) {transformation: [-0.2592f,-0.9656f,0.0194f,0.375f,-0.9644f,0.2599f,0.0486f,1.3722f,-0.052f,-0.0061f,-0.9986f,0.0259f,0f,0f,0f,1f],start_interpolation: 0,interpolation_duration: 1}
$data merge entity $(bone_head) {transformation: [-1f,0f,0f,0f,0f,0.9948f,0.1018f,1.497f,0f,0.1018f,-0.9948f,0.0331f,0f,0f,0f,1f],start_interpolation: 0,interpolation_duration: 1}
$data merge entity $(item_display_tingles_pack) {transformation: [-0.5f,0f,0f,0f,0f,0.4992f,0.0144f,1.2618f,0f,0.0288f,-0.2496f,-0.2309f,0f,0f,0f,1f],start_interpolation: 0,interpolation_duration: 1}
$data merge entity $(item_display_tingles_ballon_small) {transformation: [0f,0f,0f,0f,0f,0f,0f,2.0946f,0f,0f,0f,-0.5585f,0f,0f,0f,1f],start_interpolation: 0,interpolation_duration: 1}
$data merge entity $(item_display_tingles_ballon_big) {transformation: [0f,0f,0f,0f,0f,0f,0f,2.8043f,0f,0f,0f,-0.9245f,0f,0f,0f,1f],start_interpolation: 0,interpolation_duration: 1}
$data merge entity $(bone_torso) {transformation: [-1f,0f,0f,0f,0f,0.9983f,0.0576f,0.7483f,0f,0.0576f,-0.9983f,-0.01f,0f,0f,0f,1f],start_interpolation: 0,interpolation_duration: 1}