# This file was generated by Animated Java via MC-Build. It is not recommended to edit this file directly.
$data merge entity $(bone_lowerrightleg) {transformation: [-1f,0f,0f,-0.125f,0f,0.5595f,0.8288f,0.4097f,0f,0.8288f,-0.5595f,-0.272f,0f,0f,0f,1f],start_interpolation: 0,interpolation_duration: 1}
$data merge entity $(bone_rightleg) {transformation: [-1f,0f,0f,-0.125f,0f,0.8776f,0.4794f,0.7388f,0f,0.4794f,-0.8776f,-0.0922f,0f,0f,0f,1f],start_interpolation: 0,interpolation_duration: 1}
$data merge entity $(bone_lowerleftleg) {transformation: [-1f,0f,0f,0.125f,0f,1f,-0.0021f,0.376f,0f,-0.0021f,-1f,0.0028f,0f,0f,0f,1f],start_interpolation: 0,interpolation_duration: 1}
$data merge entity $(bone_leftleg) {transformation: [-1f,0f,0f,0.125f,0f,0.9673f,-0.2535f,0.7388f,0f,-0.2535f,-0.9673f,-0.0922f,0f,0f,0f,1f],start_interpolation: 0,interpolation_duration: 1}
$data merge entity $(block_display_tingle_pen) {transformation: [-0.1627f,0.029f,-0.4726f,-0.5945f,0.4583f,0.2551f,-0.1538f,0.9715f,0.1161f,-0.9665f,-0.0548f,0.1502f,0f,0f,0f,1f],start_interpolation: 0,interpolation_duration: 1}
$data merge entity $(bone_rightarm) {transformation: [-0.3253f,0.9452f,0.029f,-0.375f,0.9167f,0.3077f,0.2551f,1.3446f,0.2322f,0.1096f,-0.9665f,0.0613f,0f,0f,0f,1f],start_interpolation: 0,interpolation_duration: 1}
$data merge entity $(item_display_tingle_book) {transformation: [0.2496f,-0.0149f,-0.433f,0.9528f,-0.4231f,-0.116f,-0.2399f,1.0516f,-0.0933f,0.4861f,-0.0705f,0.3304f,0f,0f,0f,1f],start_interpolation: 0,interpolation_duration: 1}
$data merge entity $(bone_leftarm) {transformation: [-0.2594f,-0.9653f,0.0297f,0.375f,-0.9376f,0.2591f,0.2321f,1.3446f,-0.2317f,0.0323f,-0.9722f,0.0613f,0f,0f,0f,1f],start_interpolation: 0,interpolation_duration: 1}
$data merge entity $(bone_head) {transformation: [-1f,0f,0f,0f,0f,0.8615f,0.5077f,1.4658f,0f,0.5077f,-0.8615f,0.0919f,0f,0f,0f,1f],start_interpolation: 0,interpolation_duration: 1}
$data merge entity $(item_display_tingles_pack) {transformation: [-0.5f,0f,0f,0f,0f,0.4847f,0.0614f,1.2848f,0f,0.1228f,-0.2423f,-0.2118f,0f,0f,0f,1f],start_interpolation: 0,interpolation_duration: 1}
$data merge entity $(item_display_tingles_ballon_small) {transformation: [0f,0f,0f,0f,0f,0f,0f,2.1645f,0f,0f,0f,-0.3758f,0f,0f,0f,1f],start_interpolation: 0,interpolation_duration: 1}
$data merge entity $(item_display_tingles_ballon_big) {transformation: [0f,0f,0f,0f,0f,0f,0f,2.9307f,0f,0f,0f,-0.6008f,0f,0f,0f,1f],start_interpolation: 0,interpolation_duration: 1}
$data merge entity $(bone_torso) {transformation: [-1f,0f,0f,0f,0f,0.9694f,0.2455f,0.7388f,0f,0.2455f,-0.9694f,-0.0922f,0f,0f,0f,1f],start_interpolation: 0,interpolation_duration: 1}