# This file was generated by Animated Java via MC-Build. It is not recommended to edit this file directly.
$data merge entity $(bone_lowerrightleg) {transformation: [-1f,0f,0f,-0.125f,0f,0.342f,0.9397f,0.4272f,0f,0.9397f,-0.342f,-0.3401f,0f,0f,0f,1f],start_interpolation: 0,interpolation_duration: 1}
$data merge entity $(bone_rightleg) {transformation: [-1f,0f,0f,-0.125f,0f,0.8192f,0.5736f,0.7344f,0f,0.5736f,-0.8192f,-0.125f,0f,0f,0f,1f],start_interpolation: 0,interpolation_duration: 1}
$data merge entity $(bone_lowerleftleg) {transformation: [-1f,0f,0f,0.125f,0f,1f,0f,0.382f,0f,0f,-1f,0.0033f,0f,0f,0f,1f],start_interpolation: 0,interpolation_duration: 1}
$data merge entity $(bone_leftleg) {transformation: [-1f,0f,0f,0.125f,0f,0.9397f,-0.342f,0.7344f,0f,-0.342f,-0.9397f,-0.125f,0f,0f,0f,1f],start_interpolation: 0,interpolation_duration: 1}
$data merge entity $(block_display_tingle_pen) {transformation: [-0.1894f,0.0222f,-0.4626f,-0.5736f,0.4348f,0.3505f,-0.1738f,0.9299f,0.1583f,-0.9363f,-0.076f,0.1377f,0f,0f,0f,1f],start_interpolation: 0,interpolation_duration: 1}
$data merge entity $(bone_rightarm) {transformation: [-0.3788f,0.9252f,0.0222f,-0.375f,0.8697f,0.3476f,0.3505f,1.3217f,0.3165f,0.1521f,-0.9363f,0.0888f,0f,0f,0f,1f],start_interpolation: 0,interpolation_duration: 1}
$data merge entity $(item_display_tingle_book) {transformation: [0.2489f,-0.0281f,-0.4327f,0.9437f,-0.4154f,-0.1585f,-0.2287f,1.0006f,-0.1243f,0.4734f,-0.1022f,0.3451f,0f,0f,0f,1f],start_interpolation: 0,interpolation_duration: 1}
$data merge entity $(bone_leftarm) {transformation: [-0.26f,-0.964f,0.0561f,0.375f,-0.9109f,0.2641f,0.3169f,1.3217f,-0.3203f,0.0313f,-0.9468f,0.0888f,0f,0f,0f,1f],start_interpolation: 0,interpolation_duration: 1}
$data merge entity $(bone_misc_head_items) {transformation: [-1f,0f,0f,0f,0f,0.7254f,0.6884f,1.4391f,0f,0.6884f,-0.7254f,0.1315f,0f,0f,0f,1f],start_interpolation: 0,interpolation_duration: 1}
$data merge entity $(bone_head) {transformation: [-1f,0f,0f,0f,0f,0.7254f,0.6884f,1.4391f,0f,0.6884f,-0.7254f,0.1315f,0f,0f,0f,1f],start_interpolation: 0,interpolation_duration: 1}
$data merge entity $(item_display_tingles_pack) {transformation: [-0.5f,0f,0f,0f,0f,0.4698f,0.0855f,1.2897f,0f,0.171f,-0.2349f,-0.1889f,0f,0f,0f,1f],start_interpolation: 0,interpolation_duration: 1}
$data merge entity $(item_display_tingles_ballon_small) {transformation: [0f,0f,0f,0f,0f,0f,0f,2.1815f,0f,0f,0f,-0.2634f,0f,0f,0f,1f],start_interpolation: 0,interpolation_duration: 1}
$data merge entity $(item_display_tingles_ballon_big) {transformation: [0f,0f,0f,0f,0f,0f,0f,2.9665f,0f,0f,0f,-0.41f,0f,0f,0f,1f],start_interpolation: 0,interpolation_duration: 1}
$data merge entity $(bone_torso) {transformation: [-1f,0f,0f,0f,0f,0.9397f,0.342f,0.7344f,0f,0.342f,-0.9397f,-0.125f,0f,0f,0f,1f],start_interpolation: 0,interpolation_duration: 1}