# This file was generated by Animated Java via MC-Build. It is not recommended to edit this file directly.
$data merge entity $(bone_lower_rightleg) {transformation: [-0.9962f,0.0842f,-0.0226f,-0.1557f,0.0842f,0.9964f,0.001f,0.3777f,0.0226f,-0.001f,-0.9997f,0.033f,0f,0f,0f,1f],start_interpolation: 0,interpolation_duration: 1}
$data merge entity $(bone_rightleg) {transformation: [-0.9962f,0.0819f,-0.0298f,-0.125f,0.0842f,0.9927f,-0.0859f,0.75f,0.0226f,-0.0881f,-0.9959f,0f,0f,0f,0f,1f],start_interpolation: 0,interpolation_duration: 1}
$data merge entity $(bone_lower_leftleg) {transformation: [-0.9962f,-0.0842f,0.0226f,0.1557f,-0.0842f,0.9964f,0.001f,0.3777f,-0.0226f,-0.001f,-0.9997f,0.033f,0f,0f,0f,1f],start_interpolation: 0,interpolation_duration: 1}
$data merge entity $(bone_leftleg) {transformation: [-0.9962f,-0.0819f,0.0298f,0.125f,-0.0842f,0.9927f,-0.0859f,0.75f,-0.0226f,-0.0881f,-0.9959f,0f,0f,0f,0f,1f],start_interpolation: 0,interpolation_duration: 1}
$data merge entity $(bone_rightarm) {transformation: [-0.609f,-0.7912f,0.0563f,-0.375f,-0.5489f,0.3691f,-0.75f,1.3537f,0.5726f,-0.4876f,-0.659f,0.1618f,0f,0f,0f,1f],start_interpolation: 0,interpolation_duration: 1}
$data merge entity $(bone_leftarm) {transformation: [-0.6087f,0.7904f,0.0691f,0.375f,0.561f,0.4904f,-0.6669f,1.3537f,-0.561f,-0.3672f,-0.7419f,0.1618f,0f,0f,0f,1f],start_interpolation: 0,interpolation_duration: 1}
$data merge entity $(bone_hat) {transformation: [-1f,0f,0f,0f,0f,1f,0f,1.4744f,0f,0f,-1f,0.1941f,0f,0f,0f,1f],start_interpolation: 0,interpolation_duration: 1}
$data merge entity $(bone_head) {transformation: [-1f,0f,0f,0f,0f,1f,0f,1.4744f,0f,0f,-1f,0.1941f,0f,0f,0f,1f],start_interpolation: 0,interpolation_duration: 1}
$data merge entity $(bone_torso) {transformation: [-1f,0f,0f,0f,0f,0.9659f,0.2588f,0.75f,0f,0.2588f,-0.9659f,0f,0f,0f,0f,1f],start_interpolation: 0,interpolation_duration: 1}