# This file was generated by Animated Java via MC-Build. It is not recommended to edit this file directly.
$data merge entity $(bone_lower_rightleg) {transformation: [-0.9962f,0.0864f,-0.0114f,-0.1569f,0.0864f,0.9963f,0.0005f,0.3778f,0.0114f,-0.0005f,-0.9999f,0.0329f,0f,0f,0f,1f],start_interpolation: 0,interpolation_duration: 1}
$data merge entity $(bone_rightleg) {transformation: [-0.9962f,0.0851f,-0.0189f,-0.125f,0.0864f,0.9925f,-0.0863f,0.75f,0.0114f,-0.0876f,-0.9961f,0f,0f,0f,0f,1f],start_interpolation: 0,interpolation_duration: 1}
$data merge entity $(bone_lower_leftleg) {transformation: [-0.9962f,-0.0864f,0.0114f,0.1569f,-0.0864f,0.9963f,0.0005f,0.3778f,-0.0114f,-0.0005f,-0.9999f,0.0329f,0f,0f,0f,1f],start_interpolation: 0,interpolation_duration: 1}
$data merge entity $(bone_leftleg) {transformation: [-0.9962f,-0.0851f,0.0189f,0.125f,-0.0864f,0.9925f,-0.0863f,0.75f,-0.0114f,-0.0876f,-0.9961f,0f,0f,0f,0f,1f],start_interpolation: 0,interpolation_duration: 1}
$data merge entity $(bone_rightarm) {transformation: [-0.609f,-0.7912f,0.0563f,-0.375f,-0.4695f,0.3023f,-0.8296f,1.3697f,0.6394f,-0.5316f,-0.5555f,0.0816f,0f,0f,0f,1f],start_interpolation: 0,interpolation_duration: 1}
$data merge entity $(bone_leftarm) {transformation: [-0.6087f,0.7904f,0.0691f,0.375f,0.483f,0.4383f,-0.7581f,1.3697f,-0.6294f,-0.4281f,-0.6485f,0.0816f,0f,0f,0f,1f],start_interpolation: 0,interpolation_duration: 1}
$data merge entity $(bone_hat) {transformation: [-1f,0f,0f,0f,0f,1f,0f,1.4936f,0f,0f,-1f,0.0979f,0f,0f,0f,1f],start_interpolation: 0,interpolation_duration: 1}
$data merge entity $(bone_head) {transformation: [-1f,0f,0f,0f,0f,1f,0f,1.4936f,0f,0f,-1f,0.0979f,0f,0f,0f,1f],start_interpolation: 0,interpolation_duration: 1}
$data merge entity $(bone_torso) {transformation: [-1f,0f,0f,0f,0f,0.9914f,0.1305f,0.75f,0f,0.1305f,-0.9914f,0f,0f,0f,0f,1f],start_interpolation: 0,interpolation_duration: 1}