# This file was generated by Animated Java via MC-Build. It is not recommended to edit this file directly.
$data merge entity $(bone_lowerrightleg) {transformation: [-1f,-0.003f,0.0003f,-0.1264f,-0.003f,0.9999f,0.0109f,0.3742f,-0.0004f,0.0109f,-0.9999f,0.0023f,0f,0f,0f,1f],start_interpolation: 0,interpolation_duration: 1}
$data merge entity $(bone_rightleg) {transformation: [-1f,-0.003f,0.0004f,-0.1275f,-0.003f,1f,-0.0026f,0.7492f,-0.0004f,-0.0026f,-1f,0.0013f,0f,0f,0f,1f],start_interpolation: 0,interpolation_duration: 1}
$data merge entity $(bone_lowerleftleg) {transformation: [-1f,-0.0035f,0.0002f,0.1238f,-0.0035f,0.9999f,0.0119f,0.3764f,-0.0002f,0.0119f,-0.9999f,0.0019f,0f,0f,0f,1f],start_interpolation: 0,interpolation_duration: 1}
$data merge entity $(bone_leftleg) {transformation: [-1f,-0.0035f,0.0002f,0.1225f,-0.0035f,1f,-0.0015f,0.7514f,-0.0002f,-0.0015f,-1f,0.0013f,0f,0f,0f,1f],start_interpolation: 0,interpolation_duration: 1}
$data merge entity $(block_display_tingle_pen) {transformation: [-0.1266f,0f,-0.4837f,-0.622f,0.4837f,0f,-0.1266f,1.0509f,0f,-1f,0f,0.1888f,0f,0f,0f,1f],start_interpolation: 0,interpolation_duration: 1}
$data merge entity $(bone_rightarm) {transformation: [-0.2533f,0.9674f,0f,-0.383f,0.9674f,0.2533f,0f,1.3719f,0f,0f,-1f,0.0013f,0f,0f,0f,1f],start_interpolation: 0,interpolation_duration: 1}
$data merge entity $(item_display_tingle_book) {transformation: [0.2475f,0f,-0.4344f,0.9532f,-0.4344f,0f,-0.2475f,1.153f,0f,0.5f,0f,0.3138f,0f,0f,0f,1f],start_interpolation: 0,interpolation_duration: 1}
$data merge entity $(bone_leftarm) {transformation: [-0.2644f,-0.9644f,0f,0.367f,-0.9644f,0.2644f,0f,1.3785f,0f,0f,-1f,0.0013f,0f,0f,0f,1f],start_interpolation: 0,interpolation_duration: 1}
$data merge entity $(bone_misc_head_items) {transformation: [-0.9999f,0.0163f,-0.0015f,-0.0091f,0.0163f,0.9999f,0.004f,1.5002f,0.0016f,0.004f,-1f,0.0013f,0f,0f,0f,1f],start_interpolation: 0,interpolation_duration: 1}
$data merge entity $(bone_head) {transformation: [-0.9999f,0.0163f,-0.0015f,-0.0091f,0.0163f,0.9999f,0.004f,1.5002f,0.0016f,0.004f,-1f,0.0013f,0f,0f,0f,1f],start_interpolation: 0,interpolation_duration: 1}
$data merge entity $(item_display_tingles_pack) {transformation: [-0.5f,-0.0044f,0f,-0.0069f,-0.0044f,0.5f,0f,1.2502f,0f,0f,-0.25f,-0.2487f,0f,0f,0f,1f],start_interpolation: 0,interpolation_duration: 1}
$data merge entity $(item_display_tingles_ballon_small) {transformation: [0f,0f,0f,-0.014f,0f,0f,0f,2.0627f,0f,0f,0f,-0.6237f,0f,0f,0f,1f],start_interpolation: 0,interpolation_duration: 1}
$data merge entity $(item_display_tingles_ballon_big) {transformation: [0f,0f,0f,-0.0201f,0f,0f,0f,2.7502f,0f,0f,0f,-1.03f,0f,0f,0f,1f],start_interpolation: 0,interpolation_duration: 1}
$data merge entity $(bone_torso) {transformation: [-1f,-0.0088f,0f,-0.0025f,-0.0088f,1f,0f,0.7503f,0f,0f,-1f,0.0013f,0f,0f,0f,1f],start_interpolation: 0,interpolation_duration: 1}