# This file was generated by Animated Java via MC-Build. It is not recommended to edit this file directly.
$data merge entity $(bone_lowerrightleg) {transformation: [-0.9999f,0.012f,0.0027f,-0.1299f,0.0123f,0.9886f,0.15f,0.3647f,-0.0009f,0.15f,-0.9887f,0.0559f,0f,0f,0f,1f],start_interpolation: 0,interpolation_duration: 1}
$data merge entity $(bone_rightleg) {transformation: [-0.9999f,0.0123f,-0.0002f,-0.1253f,0.0123f,0.996f,-0.088f,0.7382f,-0.0009f,-0.088f,-0.9961f,0.0229f,0f,0f,0f,1f],start_interpolation: 0,interpolation_duration: 1}
$data merge entity $(bone_lowerleftleg) {transformation: [-1f,0.0023f,-0.0018f,0.1239f,0.002f,0.989f,0.1478f,0.3599f,0.0022f,0.1478f,-0.989f,0.0568f,0f,0f,0f,1f],start_interpolation: 0,interpolation_duration: 1}
$data merge entity $(bone_leftleg) {transformation: [-1f,0.0018f,-0.0023f,0.1246f,0.002f,0.9959f,-0.0903f,0.7333f,0.0022f,-0.0903f,-0.9959f,0.0229f,0f,0f,0f,1f],start_interpolation: 0,interpolation_duration: 1}
$data merge entity $(block_display_tingle_pen) {transformation: [-0.1341f,0f,-0.4817f,-0.5972f,0.4817f,0f,-0.1341f,1.0433f,0f,-1f,0f,0.2104f,0f,0f,0f,1f],start_interpolation: 0,interpolation_duration: 1}
$data merge entity $(bone_rightarm) {transformation: [-0.2682f,0.9634f,0f,-0.3632f,0.9634f,0.2682f,0f,1.3679f,0f,0f,-1f,0.0229f,0f,0f,0f,1f],start_interpolation: 0,interpolation_duration: 1}
$data merge entity $(item_display_tingle_book) {transformation: [0.2542f,0f,-0.4306f,0.9764f,-0.4306f,0f,-0.2542f,1.1369f,0f,0.5f,0f,0.3354f,0f,0f,0f,1f],start_interpolation: 0,interpolation_duration: 1}
$data merge entity $(bone_leftarm) {transformation: [-0.2494f,-0.9684f,0f,0.3867f,-0.9684f,0.2494f,0f,1.3534f,0f,0f,-1f,0.0229f,0f,0f,0f,1f],start_interpolation: 0,interpolation_duration: 1}
$data merge entity $(bone_misc_head_items) {transformation: [-0.9994f,-0.0356f,0.0004f,0.0142f,-0.0354f,0.9959f,0.0831f,1.4856f,-0.0034f,0.0831f,-0.9965f,0.0229f,0f,0f,0f,1f],start_interpolation: 0,interpolation_duration: 1}
$data merge entity $(bone_head) {transformation: [-0.9994f,-0.0356f,0.0004f,0.0142f,-0.0354f,0.9959f,0.0831f,1.4856f,-0.0034f,0.0831f,-0.9965f,0.0229f,0f,0f,0f,1f],start_interpolation: 0,interpolation_duration: 1}
$data merge entity $(item_display_tingles_pack) {transformation: [-0.4999f,0.0097f,0f,0.0093f,0.0097f,0.4999f,0f,1.2357f,0f,0f,-0.25f,-0.2271f,0f,0f,0f,1f],start_interpolation: 0,interpolation_duration: 1}
$data merge entity $(item_display_tingles_ballon_small) {transformation: [0f,0f,0f,0.0251f,0f,0f,0f,2.048f,0f,0f,0f,-0.6021f,0f,0f,0f,1f],start_interpolation: 0,interpolation_duration: 1}
$data merge entity $(item_display_tingles_ballon_big) {transformation: [0f,0f,0f,0.0384f,0f,0f,0f,2.7354f,0f,0f,0f,-1.0083f,0f,0f,0f,1f],start_interpolation: 0,interpolation_duration: 1}
$data merge entity $(bone_torso) {transformation: [-0.9998f,0.0194f,0f,-0.0003f,0.0194f,0.9998f,0f,0.7358f,0f,0f,-1f,0.0229f,0f,0f,0f,1f],start_interpolation: 0,interpolation_duration: 1}