# This file was generated by Animated Java via MC-Build. It is not recommended to edit this file directly.
$data merge entity $(bone_lowerrightleg) {transformation: [-0.9998f,0.0177f,0.0029f,-0.1278f,0.0179f,0.9899f,0.1405f,0.3655f,-0.0003f,0.1405f,-0.9901f,0.0553f,0f,0f,0f,1f],start_interpolation: 0,interpolation_duration: 1}
$data merge entity $(bone_rightleg) {transformation: [-0.9998f,0.0179f,-0.0012f,-0.1211f,0.0179f,0.9959f,-0.0887f,0.7389f,-0.0003f,-0.0887f,-0.9961f,0.0221f,0f,0f,0f,1f],start_interpolation: 0,interpolation_duration: 1}
$data merge entity $(bone_lowerleftleg) {transformation: [-1f,0.0084f,-0.0015f,0.1258f,0.0081f,0.9906f,0.1364f,0.3568f,0.0026f,0.1364f,-0.9906f,0.0569f,0f,0f,0f,1f],start_interpolation: 0,interpolation_duration: 1}
$data merge entity $(bone_leftleg) {transformation: [-1f,0.0078f,-0.0034f,0.1287f,0.0081f,0.9957f,-0.0928f,0.7301f,0.0026f,-0.0928f,-0.9957f,0.0221f,0f,0f,0f,1f],start_interpolation: 0,interpolation_duration: 1}
$data merge entity $(block_display_tingle_pen) {transformation: [-0.1405f,0f,-0.4799f,-0.5787f,0.4799f,0f,-0.1405f,1.0446f,0f,-1f,0f,0.2096f,0f,0f,0f,1f],start_interpolation: 0,interpolation_duration: 1}
$data merge entity $(bone_rightarm) {transformation: [-0.281f,0.9597f,0f,-0.349f,0.9597f,0.281f,0f,1.3723f,0f,0f,-1f,0.0221f,0f,0f,0f,1f],start_interpolation: 0,interpolation_duration: 1}
$data merge entity $(item_display_tingle_book) {transformation: [0.2599f,0f,-0.4271f,0.993f,-0.4271f,0f,-0.2599f,1.1374f,0f,0.5f,0f,0.3346f,0f,0f,0f,1f],start_interpolation: 0,interpolation_duration: 1}
$data merge entity $(bone_leftarm) {transformation: [-0.2365f,-0.9716f,0f,0.4005f,-0.9716f,0.2365f,0f,1.346f,0f,0f,-1f,0.0221f,0f,0f,0f,1f],start_interpolation: 0,interpolation_duration: 1}
$data merge entity $(bone_head) {transformation: [-0.9972f,-0.0753f,0.0012f,0.0302f,-0.075f,0.9945f,0.0737f,1.4841f,-0.0067f,0.0734f,-0.9973f,0.0221f,0f,0f,0f,1f],start_interpolation: 0,interpolation_duration: 1}
$data merge entity $(item_display_tingles_pack) {transformation: [-0.4997f,0.0176f,0f,0.0214f,0.0176f,0.4997f,0f,1.2342f,0f,0f,-0.25f,-0.2279f,0f,0f,0f,1f],start_interpolation: 0,interpolation_duration: 1}
$data merge entity $(item_display_tingles_ballon_small) {transformation: [0f,0f,0f,0.0499f,0f,0f,0f,2.0462f,0f,0f,0f,-0.6029f,0f,0f,0f,1f],start_interpolation: 0,interpolation_duration: 1}
$data merge entity $(item_display_tingles_ballon_big) {transformation: [0f,0f,0f,0.0741f,0f,0f,0f,2.7333f,0f,0f,0f,-1.0092f,0f,0f,0f,1f],start_interpolation: 0,interpolation_duration: 1}
$data merge entity $(bone_torso) {transformation: [-0.9994f,0.0351f,0f,0.0038f,0.0351f,0.9994f,0f,0.7345f,0f,0f,-1f,0.0221f,0f,0f,0f,1f],start_interpolation: 0,interpolation_duration: 1}