# This file was generated by Animated Java via MC-Build. It is not recommended to edit this file directly.
$data merge entity $(bone_lowerrightleg) {transformation: [-0.9998f,0.0202f,0.002f,-0.1255f,0.0203f,0.9937f,0.1104f,0.3674f,0.0002f,0.1105f,-0.9939f,0.0463f,0f,0f,0f,1f],start_interpolation: 0,interpolation_duration: 1}
$data merge entity $(bone_rightleg) {transformation: [-0.9998f,0.0202f,-0.0018f,-0.1179f,0.0203f,0.9969f,-0.0757f,0.7413f,0.0002f,-0.0757f,-0.9971f,0.0179f,0f,0f,0f,1f],start_interpolation: 0,interpolation_duration: 1}
$data merge entity $(bone_lowerleftleg) {transformation: [-0.9999f,0.0125f,-0.0013f,0.1273f,0.0123f,0.9944f,0.1054f,0.3566f,0.0026f,0.1053f,-0.9944f,0.0482f,0f,0f,0f,1f],start_interpolation: 0,interpolation_duration: 1}
$data merge entity $(bone_leftleg) {transformation: [-0.9999f,0.012f,-0.0036f,0.1318f,0.0123f,0.9967f,-0.0808f,0.7303f,0.0026f,-0.0809f,-0.9967f,0.0179f,0f,0f,0f,1f],start_interpolation: 0,interpolation_duration: 1}
$data merge entity $(block_display_tingle_pen) {transformation: [-0.1433f,0f,-0.479f,-0.568f,0.479f,0f,-0.1433f,1.0476f,0f,-1f,0f,0.2054f,0f,0f,0f,1f],start_interpolation: 0,interpolation_duration: 1}
$data merge entity $(bone_rightarm) {transformation: [-0.2865f,0.9581f,0f,-0.3402f,0.9581f,0.2865f,0f,1.3767f,0f,0f,-1f,0.0179f,0f,0f,0f,1f],start_interpolation: 0,interpolation_duration: 1}
$data merge entity $(item_display_tingle_book) {transformation: [0.2624f,0f,-0.4256f,1.0027f,-0.4256f,0f,-0.2624f,1.1386f,0f,0.5f,0f,0.3304f,0f,0f,0f,1f],start_interpolation: 0,interpolation_duration: 1}
$data merge entity $(bone_leftarm) {transformation: [-0.2309f,-0.973f,0f,0.409f,-0.973f,0.2309f,0f,1.3437f,0f,0f,-1f,0.0179f,0f,0f,0f,1f],start_interpolation: 0,interpolation_duration: 1}
$data merge entity $(bone_misc_head_items) {transformation: [-0.9964f,-0.0848f,0.0035f,0.0399f,-0.0845f,0.9951f,0.051f,1.4851f,-0.0078f,0.0506f,-0.9987f,0.0179f,0f,0f,0f,1f],start_interpolation: 0,interpolation_duration: 1}
$data merge entity $(bone_head) {transformation: [-0.9964f,-0.0848f,0.0035f,0.0399f,-0.0845f,0.9951f,0.051f,1.4851f,-0.0078f,0.0506f,-0.9987f,0.0179f,0f,0f,0f,1f],start_interpolation: 0,interpolation_duration: 1}
$data merge entity $(item_display_tingles_pack) {transformation: [-0.4995f,0.022f,0f,0.0289f,0.022f,0.4995f,0f,1.2353f,0f,0f,-0.25f,-0.2321f,0f,0f,0f,1f],start_interpolation: 0,interpolation_duration: 1}
$data merge entity $(item_display_tingles_ballon_small) {transformation: [0f,0f,0f,0.0646f,0f,0f,0f,2.047f,0f,0f,0f,-0.6071f,0f,0f,0f,1f],start_interpolation: 0,interpolation_duration: 1}
$data merge entity $(item_display_tingles_ballon_big) {transformation: [0f,0f,0f,0.0948f,0f,0f,0f,2.7339f,0f,0f,0f,-1.0133f,0f,0f,0f,1f],start_interpolation: 0,interpolation_duration: 1}
$data merge entity $(bone_torso) {transformation: [-0.999f,0.0439f,0f,0.0069f,0.0439f,0.999f,0f,0.7358f,0f,0f,-1f,0.0179f,0f,0f,0f,1f],start_interpolation: 0,interpolation_duration: 1}