# This file was generated by Animated Java via MC-Build. It is not recommended to edit this file directly.
$data merge entity $(bone_lowerrightleg) {transformation: [-0.9998f,0.0174f,0.0011f,-0.1248f,0.0174f,0.9963f,0.0837f,0.3691f,0.0003f,0.0837f,-0.9965f,0.036f,0f,0f,0f,1f],start_interpolation: 0,interpolation_duration: 1}
$data merge entity $(bone_rightleg) {transformation: [-0.9998f,0.0174f,-0.0014f,-0.1183f,0.0174f,0.9981f,-0.0594f,0.7434f,0.0003f,-0.0594f,-0.9982f,0.0137f,0f,0f,0f,1f],start_interpolation: 0,interpolation_duration: 1}
$data merge entity $(bone_lowerleftleg) {transformation: [-0.9999f,0.0114f,-0.0013f,0.1273f,0.0113f,0.9968f,0.0792f,0.3595f,0.0022f,0.0792f,-0.9969f,0.0377f,0f,0f,0f,1f],start_interpolation: 0,interpolation_duration: 1}
$data merge entity $(bone_leftleg) {transformation: [-0.9999f,0.0111f,-0.0029f,0.1315f,0.0113f,0.9979f,-0.0639f,0.7337f,0.0022f,-0.0639f,-0.998f,0.0138f,0f,0f,0f,1f],start_interpolation: 0,interpolation_duration: 1}
$data merge entity $(block_display_tingle_pen) {transformation: [-0.1388f,0f,-0.4804f,-0.5747f,0.4804f,0f,-0.1388f,1.0507f,0f,-1f,0f,0.2012f,0f,0f,0f,1f],start_interpolation: 0,interpolation_duration: 1}
$data merge entity $(bone_rightarm) {transformation: [-0.2775f,0.9607f,0f,-0.3439f,0.9607f,0.2775f,0f,1.3776f,0f,0f,-1f,0.0137f,0f,0f,0f,1f],start_interpolation: 0,interpolation_duration: 1}
$data merge entity $(item_display_tingle_book) {transformation: [0.2583f,0f,-0.4281f,0.9973f,-0.4281f,0f,-0.2583f,1.1378f,0f,0.5f,0f,0.3263f,0f,0f,0f,1f],start_interpolation: 0,interpolation_duration: 1}
$data merge entity $(bone_leftarm) {transformation: [-0.24f,-0.9708f,0f,0.4055f,-0.9708f,0.24f,0f,1.3485f,0f,0f,-1f,0.0138f,0f,0f,0f,1f],start_interpolation: 0,interpolation_duration: 1}
$data merge entity $(bone_head) {transformation: [-0.9974f,-0.0716f,0.004f,0.0357f,-0.0714f,0.9967f,0.0383f,1.488f,-0.0067f,0.0379f,-0.9993f,0.0138f,0f,0f,0f,1f],start_interpolation: 0,interpolation_duration: 1}
$data merge entity $(item_display_tingles_pack) {transformation: [-0.4996f,0.0194f,0f,0.026f,0.0194f,0.4996f,0f,1.2382f,0f,0f,-0.25f,-0.2362f,0f,0f,0f,1f],start_interpolation: 0,interpolation_duration: 1}
$data merge entity $(item_display_tingles_ballon_small) {transformation: [0f,0f,0f,0.0575f,0f,0f,0f,2.0501f,0f,0f,0f,-0.6112f,0f,0f,0f,1f],start_interpolation: 0,interpolation_duration: 1}
$data merge entity $(item_display_tingles_ballon_big) {transformation: [0f,0f,0f,0.0841f,0f,0f,0f,2.737f,0f,0f,0f,-1.0175f,0f,0f,0f,1f],start_interpolation: 0,interpolation_duration: 1}
$data merge entity $(bone_torso) {transformation: [-0.9992f,0.0388f,0f,0.0066f,0.0388f,0.9992f,0f,0.7385f,0f,0f,-1f,0.0138f,0f,0f,0f,1f],start_interpolation: 0,interpolation_duration: 1}