# This file was generated by Animated Java via MC-Build. It is not recommended to edit this file directly.
$data merge entity $(bone_lowerrightleg) {transformation: [-0.9999f,0.0131f,0.0003f,-0.1244f,0.0131f,0.9985f,0.0539f,0.3711f,0.0004f,0.0539f,-0.9985f,0.0241f,0f,0f,0f,1f],start_interpolation: 0,interpolation_duration: 1}
$data merge entity $(bone_rightleg) {transformation: [-0.9999f,0.0131f,-0.0009f,-0.1195f,0.0131f,0.9991f,-0.0401f,0.7457f,0.0004f,-0.0401f,-0.9992f,0.009f,0f,0f,0f,1f],start_interpolation: 0,interpolation_duration: 1}
$data merge entity $(bone_lowerleftleg) {transformation: [-1f,0.0091f,-0.0011f,0.127f,0.0091f,0.9987f,0.0504f,0.3636f,0.0016f,0.0504f,-0.9987f,0.0254f,0f,0f,0f,1f],start_interpolation: 0,interpolation_duration: 1}
$data merge entity $(bone_leftleg) {transformation: [-1f,0.009f,-0.002f,0.1304f,0.0091f,0.999f,-0.0436f,0.7382f,0.0016f,-0.0436f,-0.999f,0.009f,0f,0f,0f,1f],start_interpolation: 0,interpolation_duration: 1}
$data merge entity $(block_display_tingle_pen) {transformation: [-0.136f,0f,-0.4812f,-0.5833f,0.4812f,0f,-0.136f,1.0524f,0f,-1f,0f,0.1965f,0f,0f,0f,1f],start_interpolation: 0,interpolation_duration: 1}
$data merge entity $(bone_rightarm) {transformation: [-0.272f,0.9623f,0f,-0.3506f,0.9623f,0.272f,0f,1.378f,0f,0f,-1f,0.009f,0f,0f,0f,1f],start_interpolation: 0,interpolation_duration: 1}
$data merge entity $(item_display_tingle_book) {transformation: [0.2559f,0f,-0.4296f,0.9895f,-0.4296f,0f,-0.2559f,1.1414f,0f,0.5f,0f,0.3215f,0f,0f,0f,1f],start_interpolation: 0,interpolation_duration: 1}
$data merge entity $(bone_leftarm) {transformation: [-0.2456f,-0.9694f,0f,0.399f,-0.9694f,0.2456f,0f,1.3555f,0f,0f,-1f,0.009f,0f,0f,0f,1f],start_interpolation: 0,interpolation_duration: 1}
$data merge entity $(bone_misc_head_items) {transformation: [-0.9985f,-0.0545f,0.0038f,0.028f,-0.0544f,0.9982f,0.0246f,1.4917f,-0.0052f,0.0244f,-0.9997f,0.009f,0f,0f,0f,1f],start_interpolation: 0,interpolation_duration: 1}
$data merge entity $(bone_head) {transformation: [-0.9985f,-0.0545f,0.0038f,0.028f,-0.0544f,0.9982f,0.0246f,1.4917f,-0.0052f,0.0244f,-0.9997f,0.009f,0f,0f,0f,1f],start_interpolation: 0,interpolation_duration: 1}
$data merge entity $(item_display_tingles_pack) {transformation: [-0.4998f,0.015f,0f,0.0205f,0.015f,0.4998f,0f,1.2418f,0f,0f,-0.25f,-0.241f,0f,0f,0f,1f],start_interpolation: 0,interpolation_duration: 1}
$data merge entity $(item_display_tingles_ballon_small) {transformation: [0f,0f,0f,0.0448f,0f,0f,0f,2.0539f,0f,0f,0f,-0.616f,0f,0f,0f,1f],start_interpolation: 0,interpolation_duration: 1}
$data merge entity $(item_display_tingles_ballon_big) {transformation: [0f,0f,0f,0.0655f,0f,0f,0f,2.7411f,0f,0f,0f,-1.0222f,0f,0f,0f,1f],start_interpolation: 0,interpolation_duration: 1}
$data merge entity $(bone_torso) {transformation: [-0.9996f,0.03f,0f,0.0055f,0.03f,0.9996f,0f,0.742f,0f,0f,-1f,0.009f,0f,0f,0f,1f],start_interpolation: 0,interpolation_duration: 1}