# This file was generated by Animated Java via MC-Build. It is not recommended to edit this file directly.
$data merge entity $(bone_lowerrightleg) {transformation: [-1f,0.0082f,-0.0001f,-0.1242f,0.0082f,0.9996f,0.0264f,0.373f,0.0003f,0.0264f,-0.9997f,0.0126f,0f,0f,0f,1f],start_interpolation: 0,interpolation_duration: 1}
$data merge entity $(bone_rightleg) {transformation: [-1f,0.0082f,-0.0005f,-0.1212f,0.0082f,0.9997f,-0.0214f,0.7479f,0.0003f,-0.0214f,-0.9998f,0.0046f,0f,0f,0f,1f],start_interpolation: 0,interpolation_duration: 1}
$data merge entity $(bone_lowerleftleg) {transformation: [-1f,0.0062f,-0.0008f,0.1265f,0.0061f,0.9997f,0.0241f,0.3682f,0.0009f,0.0241f,-0.9997f,0.0134f,0f,0f,0f,1f],start_interpolation: 0,interpolation_duration: 1}
$data merge entity $(bone_leftleg) {transformation: [-1f,0.0061f,-0.0011f,0.1288f,0.0061f,0.9997f,-0.0236f,0.7431f,0.0009f,-0.0236f,-0.9997f,0.0046f,0f,0f,0f,1f],start_interpolation: 0,interpolation_duration: 1}
$data merge entity $(block_display_tingle_pen) {transformation: [-0.1341f,0f,-0.4817f,-0.593f,0.4817f,0f,-0.1341f,1.053f,0f,-1f,0f,0.1921f,0f,0f,0f,1f],start_interpolation: 0,interpolation_duration: 1}
$data merge entity $(bone_rightarm) {transformation: [-0.2682f,0.9634f,0f,-0.359f,0.9634f,0.2682f,0f,1.3776f,0f,0f,-1f,0.0046f,0f,0f,0f,1f],start_interpolation: 0,interpolation_duration: 1}
$data merge entity $(item_display_tingle_book) {transformation: [0.2542f,0f,-0.4306f,0.9805f,-0.4306f,0f,-0.2542f,1.1467f,0f,0.5f,0f,0.3171f,0f,0f,0f,1f],start_interpolation: 0,interpolation_duration: 1}
$data merge entity $(bone_leftarm) {transformation: [-0.2494f,-0.9684f,0f,0.3909f,-0.9684f,0.2494f,0f,1.3631f,0f,0f,-1f,0.0046f,0f,0f,0f,1f],start_interpolation: 0,interpolation_duration: 1}
$data merge entity $(bone_head) {transformation: [-0.9994f,-0.0355f,0.0029f,0.0184f,-0.0354f,0.9993f,0.0122f,1.4953f,-0.0034f,0.0121f,-0.9999f,0.0046f,0f,0f,0f,1f],start_interpolation: 0,interpolation_duration: 1}
$data merge entity $(item_display_tingles_pack) {transformation: [-0.4999f,0.0097f,0f,0.0135f,0.0097f,0.4999f,0f,1.2454f,0f,0f,-0.25f,-0.2454f,0f,0f,0f,1f],start_interpolation: 0,interpolation_duration: 1}
$data merge entity $(item_display_tingles_ballon_small) {transformation: [0f,0f,0f,0.0293f,0f,0f,0f,2.0577f,0f,0f,0f,-0.6204f,0f,0f,0f,1f],start_interpolation: 0,interpolation_duration: 1}
$data merge entity $(item_display_tingles_ballon_big) {transformation: [0f,0f,0f,0.0426f,0f,0f,0f,2.7451f,0f,0f,0f,-1.0267f,0f,0f,0f,1f],start_interpolation: 0,interpolation_duration: 1}
$data merge entity $(bone_torso) {transformation: [-0.9998f,0.0194f,0f,0.0038f,0.0194f,0.9998f,0f,0.7455f,0f,0f,-1f,0.0046f,0f,0f,0f,1f],start_interpolation: 0,interpolation_duration: 1}