# This file was generated by Animated Java via MC-Build. It is not recommended to edit this file directly.
$data merge entity $(bone_lowerrightleg) {transformation: [-1f,0.0035f,-0.0002f,-0.1244f,0.0035f,1f,0.0066f,0.3745f,0.0002f,0.0066f,-1f,0.0038f,0f,0f,0f,1f],start_interpolation: 0,interpolation_duration: 1}
$data merge entity $(bone_rightleg) {transformation: [-1f,0.0035f,-0.0002f,-0.1231f,0.0035f,1f,-0.0068f,0.7495f,0.0002f,-0.0068f,-1f,0.0013f,0f,0f,0f,1f],start_interpolation: 0,interpolation_duration: 1}
$data merge entity $(bone_lowerleftleg) {transformation: [-1f,0.003f,-0.0004f,0.1258f,0.003f,1f,0.0056f,0.3723f,0.0004f,0.0056f,-1f,0.0042f,0f,0f,0f,1f],start_interpolation: 0,interpolation_duration: 1}
$data merge entity $(bone_leftleg) {transformation: [-1f,0.003f,-0.0004f,0.1269f,0.003f,1f,-0.0078f,0.7473f,0.0004f,-0.0078f,-1f,0.0013f,0f,0f,0f,1f],start_interpolation: 0,interpolation_duration: 1}
$data merge entity $(block_display_tingle_pen) {transformation: [-0.1322f,0f,-0.4822f,-0.6029f,0.4822f,0f,-0.1322f,1.0529f,0f,-1f,0f,0.1888f,0f,0f,0f,1f],start_interpolation: 0,interpolation_duration: 1}
$data merge entity $(bone_rightarm) {transformation: [-0.2644f,0.9644f,0f,-0.3676f,0.9644f,0.2644f,0f,1.3766f,0f,0f,-1f,0.0013f,0f,0f,0f,1f],start_interpolation: 0,interpolation_duration: 1}
$data merge entity $(item_display_tingle_book) {transformation: [0.2525f,0f,-0.4316f,0.9712f,-0.4316f,0f,-0.2525f,1.1513f,0f,0.5f,0f,0.3138f,0f,0f,0f,1f],start_interpolation: 0,interpolation_duration: 1}
$data merge entity $(bone_leftarm) {transformation: [-0.2533f,-0.9674f,0f,0.3824f,-0.9674f,0.2533f,0f,1.3701f,0f,0f,-1f,0.0013f,0f,0f,0f,1f],start_interpolation: 0,interpolation_duration: 1}
$data merge entity $(bone_misc_head_items) {transformation: [-0.9999f,-0.0167f,0.0015f,0.0085f,-0.0166f,0.9999f,0.0032f,1.4983f,-0.0016f,0.0032f,-1f,0.0013f,0f,0f,0f,1f],start_interpolation: 0,interpolation_duration: 1}
$data merge entity $(bone_head) {transformation: [-0.9999f,-0.0167f,0.0015f,0.0085f,-0.0166f,0.9999f,0.0032f,1.4983f,-0.0016f,0.0032f,-1f,0.0013f,0f,0f,0f,1f],start_interpolation: 0,interpolation_duration: 1}
$data merge entity $(item_display_tingles_pack) {transformation: [-0.5f,0.0044f,0f,0.0063f,0.0044f,0.5f,0f,1.2484f,0f,0f,-0.25f,-0.2487f,0f,0f,0f,1f],start_interpolation: 0,interpolation_duration: 1}
$data merge entity $(item_display_tingles_ballon_small) {transformation: [0f,0f,0f,0.0134f,0f,0f,0f,2.0608f,0f,0f,0f,-0.6237f,0f,0f,0f,1f],start_interpolation: 0,interpolation_duration: 1}
$data merge entity $(item_display_tingles_ballon_big) {transformation: [0f,0f,0f,0.0195f,0f,0f,0f,2.7483f,0f,0f,0f,-1.03f,0f,0f,0f,1f],start_interpolation: 0,interpolation_duration: 1}
$data merge entity $(bone_torso) {transformation: [-1f,0.0088f,0f,0.0019f,0.0088f,1f,0f,0.7484f,0f,0f,-1f,0.0013f,0f,0f,0f,1f],start_interpolation: 0,interpolation_duration: 1}