# This file was generated by Animated Java via MC-Build. It is not recommended to edit this file directly.
$data merge entity $(bone_lowerrightleg) {transformation: [-1f,-0.0062f,0.0007f,-0.1286f,-0.0061f,0.9993f,0.0357f,0.3723f,-0.0009f,0.0357f,-0.9994f,0.0091f,0f,0f,0f,1f],start_interpolation: 0,interpolation_duration: 1}
$data merge entity $(bone_rightleg) {transformation: [-1f,-0.0061f,0.001f,-0.1309f,-0.0061f,0.9999f,-0.012f,0.7472f,-0.0009f,-0.012f,-0.9999f,0.0046f,0f,0f,0f,1f],start_interpolation: 0,interpolation_duration: 1}
$data merge entity $(bone_lowerleftleg) {transformation: [-1f,-0.0082f,0f,0.1221f,-0.0082f,0.9992f,0.038f,0.3771f,-0.0003f,0.038f,-0.9993f,0.0082f,0f,0f,0f,1f],start_interpolation: 0,interpolation_duration: 1}
$data merge entity $(bone_leftleg) {transformation: [-1f,-0.0082f,0.0004f,0.1191f,-0.0082f,0.9999f,-0.0097f,0.7521f,-0.0003f,-0.0097f,-1f,0.0046f,0f,0f,0f,1f],start_interpolation: 0,interpolation_duration: 1}
$data merge entity $(block_display_tingle_pen) {transformation: [-0.1247f,0f,-0.4842f,-0.6332f,0.4842f,0f,-0.1247f,1.0472f,0f,-1f,0f,0.1921f,0f,0f,0f,1f],start_interpolation: 0,interpolation_duration: 1}
$data merge entity $(bone_rightarm) {transformation: [-0.2494f,0.9684f,0f,-0.393f,0.9684f,0.2494f,0f,1.3673f,0f,0f,-1f,0.0046f,0f,0f,0f,1f],start_interpolation: 0,interpolation_duration: 1}
$data merge entity $(item_display_tingle_book) {transformation: [0.2458f,0f,-0.4354f,0.9423f,-0.4354f,0f,-0.2458f,1.154f,0f,0.5f,0f,0.3171f,0f,0f,0f,1f],start_interpolation: 0,interpolation_duration: 1}
$data merge entity $(bone_leftarm) {transformation: [-0.2682f,-0.9634f,0f,0.3569f,-0.9634f,0.2682f,0f,1.3818f,0f,0f,-1f,0.0046f,0f,0f,0f,1f],start_interpolation: 0,interpolation_duration: 1}
$data merge entity $(bone_misc_head_items) {transformation: [-0.9994f,0.0342f,-0.003f,-0.0204f,0.0342f,0.9993f,0.0138f,1.4995f,0.0034f,0.0137f,-0.9999f,0.0046f,0f,0f,0f,1f],start_interpolation: 0,interpolation_duration: 1}
$data merge entity $(bone_head) {transformation: [-0.9994f,0.0342f,-0.003f,-0.0204f,0.0342f,0.9993f,0.0138f,1.4995f,0.0034f,0.0137f,-0.9999f,0.0046f,0f,0f,0f,1f],start_interpolation: 0,interpolation_duration: 1}
$data merge entity $(item_display_tingles_pack) {transformation: [-0.4999f,-0.0097f,0f,-0.0156f,-0.0097f,0.4999f,0f,1.2496f,0f,0f,-0.25f,-0.2454f,0f,0f,0f,1f],start_interpolation: 0,interpolation_duration: 1}
$data merge entity $(item_display_tingles_ballon_small) {transformation: [0f,0f,0f,-0.0314f,0f,0f,0f,2.0619f,0f,0f,0f,-0.6204f,0f,0f,0f,1f],start_interpolation: 0,interpolation_duration: 1}
$data merge entity $(item_display_tingles_ballon_big) {transformation: [0f,0f,0f,-0.0447f,0f,0f,0f,2.7493f,0f,0f,0f,-1.0267f,0f,0f,0f,1f],start_interpolation: 0,interpolation_duration: 1}
$data merge entity $(bone_torso) {transformation: [-0.9998f,-0.0194f,0f,-0.0059f,-0.0194f,0.9998f,0f,0.7497f,0f,0f,-1f,0.0046f,0f,0f,0f,1f],start_interpolation: 0,interpolation_duration: 1}