# This file was generated by Animated Java via MC-Build. It is not recommended to edit this file directly.
$data merge entity $(bone_lowerrightleg) {transformation: [-1f,-0.0092f,0.001f,-0.1311f,-0.0091f,0.9976f,0.0683f,0.3698f,-0.0016f,0.0683f,-0.9977f,0.0186f,0f,0f,0f,1f],start_interpolation: 0,interpolation_duration: 1}
$data merge entity $(bone_rightleg) {transformation: [-1f,-0.009f,0.0018f,-0.1345f,-0.0091f,0.9996f,-0.0256f,0.7447f,-0.0016f,-0.0256f,-0.9997f,0.009f,0f,0f,0f,1f],start_interpolation: 0,interpolation_duration: 1}
$data merge entity $(bone_lowerleftleg) {transformation: [-0.9999f,-0.0131f,-0.0006f,0.1203f,-0.0131f,0.9973f,0.0718f,0.3773f,-0.0004f,0.0718f,-0.9974f,0.0173f,0f,0f,0f,1f],start_interpolation: 0,interpolation_duration: 1}
$data merge entity $(bone_leftleg) {transformation: [-0.9999f,-0.0131f,0.0007f,0.1154f,-0.0131f,0.9997f,-0.0221f,0.7522f,-0.0004f,-0.0221f,-0.9998f,0.009f,0f,0f,0f,1f],start_interpolation: 0,interpolation_duration: 1}
$data merge entity $(block_display_tingle_pen) {transformation: [-0.1228f,0f,-0.4847f,-0.6447f,0.4847f,0f,-0.1228f,1.0428f,0f,-1f,0f,0.1965f,0f,0f,0f,1f],start_interpolation: 0,interpolation_duration: 1}
$data merge entity $(bone_rightarm) {transformation: [-0.2456f,0.9694f,0f,-0.4031f,0.9694f,0.2456f,0f,1.3619f,0f,0f,-1f,0.009f,0f,0f,0f,1f],start_interpolation: 0,interpolation_duration: 1}
$data merge entity $(item_display_tingle_book) {transformation: [0.2441f,0f,-0.4364f,0.931f,-0.4364f,0f,-0.2441f,1.1543f,0f,0.5f,0f,0.3215f,0f,0f,0f,1f],start_interpolation: 0,interpolation_duration: 1}
$data merge entity $(bone_leftarm) {transformation: [-0.272f,-0.9623f,0f,0.3465f,-0.9623f,0.272f,0f,1.3844f,0f,0f,-1f,0.009f,0f,0f,0f,1f],start_interpolation: 0,interpolation_duration: 1}
$data merge entity $(bone_misc_head_items) {transformation: [-0.9986f,0.052f,-0.0039f,-0.0321f,0.0519f,0.9983f,0.0271f,1.4981f,0.0053f,0.0268f,-0.9996f,0.009f,0f,0f,0f,1f],start_interpolation: 0,interpolation_duration: 1}
$data merge entity $(bone_head) {transformation: [-0.9986f,0.052f,-0.0039f,-0.0321f,0.0519f,0.9983f,0.0271f,1.4981f,0.0053f,0.0268f,-0.9996f,0.009f,0f,0f,0f,1f],start_interpolation: 0,interpolation_duration: 1}
$data merge entity $(item_display_tingles_pack) {transformation: [-0.4998f,-0.015f,0f,-0.0246f,-0.015f,0.4998f,0f,1.2482f,0f,0f,-0.25f,-0.241f,0f,0f,0f,1f],start_interpolation: 0,interpolation_duration: 1}
$data merge entity $(item_display_tingles_ballon_small) {transformation: [0f,0f,0f,-0.0489f,0f,0f,0f,2.0603f,0f,0f,0f,-0.616f,0f,0f,0f,1f],start_interpolation: 0,interpolation_duration: 1}
$data merge entity $(item_display_tingles_ballon_big) {transformation: [0f,0f,0f,-0.0696f,0f,0f,0f,2.7475f,0f,0f,0f,-1.0222f,0f,0f,0f,1f],start_interpolation: 0,interpolation_duration: 1}
$data merge entity $(bone_torso) {transformation: [-0.9996f,-0.03f,0f,-0.0096f,-0.03f,0.9996f,0f,0.7484f,0f,0f,-1f,0.009f,0f,0f,0f,1f],start_interpolation: 0,interpolation_duration: 1}