# This file was generated by Animated Java via MC-Build. It is not recommended to edit this file directly.
$data merge entity $(bone_lowerrightleg) {transformation: [-0.9999f,-0.0114f,0.001f,-0.1336f,-0.0113f,0.9947f,0.1024f,0.3674f,-0.0022f,0.1023f,-0.9947f,0.029f,0f,0f,0f,1f],start_interpolation: 0,interpolation_duration: 1}
$data merge entity $(bone_rightleg) {transformation: [-0.9999f,-0.0112f,0.0026f,-0.1378f,-0.0113f,0.9991f,-0.0407f,0.742f,-0.0022f,-0.0407f,-0.9992f,0.0137f,0f,0f,0f,1f],start_interpolation: 0,interpolation_duration: 1}
$data merge entity $(bone_lowerleftleg) {transformation: [-0.9998f,-0.0174f,-0.0015f,0.1186f,-0.0174f,0.9941f,0.1068f,0.377f,-0.0003f,0.1069f,-0.9943f,0.0273f,0f,0f,0f,1f],start_interpolation: 0,interpolation_duration: 1}
$data merge entity $(bone_leftleg) {transformation: [-0.9998f,-0.0174f,0.001f,0.1121f,-0.0174f,0.9992f,-0.0362f,0.7517f,-0.0003f,-0.0362f,-0.9993f,0.0138f,0f,0f,0f,1f],start_interpolation: 0,interpolation_duration: 1}
$data merge entity $(block_display_tingle_pen) {transformation: [-0.12f,0f,-0.4854f,-0.6552f,0.4854f,0f,-0.12f,1.0392f,0f,-1f,0f,0.2012f,0f,0f,0f,1f],start_interpolation: 0,interpolation_duration: 1}
$data merge entity $(bone_rightarm) {transformation: [-0.24f,0.9708f,0f,-0.4118f,0.9708f,0.24f,0f,1.3569f,0f,0f,-1f,0.0137f,0f,0f,0f,1f],start_interpolation: 0,interpolation_duration: 1}
$data merge entity $(item_display_tingle_book) {transformation: [0.2416f,0f,-0.4378f,0.9207f,-0.4378f,0f,-0.2416f,1.1525f,0f,0.5f,0f,0.3263f,0f,0f,0f,1f],start_interpolation: 0,interpolation_duration: 1}
$data merge entity $(bone_leftarm) {transformation: [-0.2775f,-0.9607f,0f,0.3376f,-0.9607f,0.2775f,0f,1.3859f,0f,0f,-1f,0.0138f,0f,0f,0f,1f],start_interpolation: 0,interpolation_duration: 1}
$data merge entity $(bone_head) {transformation: [-0.9977f,0.068f,-0.0041f,-0.0419f,0.0678f,0.9968f,0.0415f,1.4963f,0.0069f,0.0411f,-0.9991f,0.0137f,0f,0f,0f,1f],start_interpolation: 0,interpolation_duration: 1}
$data merge entity $(item_display_tingles_pack) {transformation: [-0.4996f,-0.0194f,0f,-0.0322f,-0.0194f,0.4996f,0f,1.2465f,0f,0f,-0.25f,-0.2362f,0f,0f,0f,1f],start_interpolation: 0,interpolation_duration: 1}
$data merge entity $(item_display_tingles_ballon_small) {transformation: [0f,0f,0f,-0.0637f,0f,0f,0f,2.0584f,0f,0f,0f,-0.6112f,0f,0f,0f,1f],start_interpolation: 0,interpolation_duration: 1}
$data merge entity $(item_display_tingles_ballon_big) {transformation: [0f,0f,0f,-0.0904f,0f,0f,0f,2.7454f,0f,0f,0f,-1.0175f,0f,0f,0f,1f],start_interpolation: 0,interpolation_duration: 1}
$data merge entity $(bone_torso) {transformation: [-0.9992f,-0.0388f,0f,-0.0128f,-0.0388f,0.9992f,0f,0.7469f,0f,0f,-1f,0.0137f,0f,0f,0f,1f],start_interpolation: 0,interpolation_duration: 1}