# This file was generated by Animated Java via MC-Build. It is not recommended to edit this file directly.
$data merge entity $(bone_lowerrightleg) {transformation: [-0.9999f,-0.0125f,0.001f,-0.1354f,-0.0123f,0.9912f,0.1315f,0.3653f,-0.0026f,0.1315f,-0.9913f,0.0384f,0f,0f,0f,1f],start_interpolation: 0,interpolation_duration: 1}
$data merge entity $(bone_rightleg) {transformation: [-0.9999f,-0.0121f,0.0033f,-0.14f,-0.0123f,0.9984f,-0.0545f,0.7397f,-0.0026f,-0.0546f,-0.9985f,0.0179f,0f,0f,0f,1f],start_interpolation: 0,interpolation_duration: 1}
$data merge entity $(bone_lowerleftleg) {transformation: [-0.9998f,-0.0201f,-0.0026f,0.1174f,-0.0203f,0.9904f,0.1366f,0.3763f,-0.0002f,0.1366f,-0.9906f,0.0364f,0f,0f,0f,1f],start_interpolation: 0,interpolation_duration: 1}
$data merge entity $(bone_leftleg) {transformation: [-0.9998f,-0.0202f,0.0012f,0.1098f,-0.0203f,0.9986f,-0.0494f,0.7507f,-0.0002f,-0.0494f,-0.9988f,0.0179f,0f,0f,0f,1f],start_interpolation: 0,interpolation_duration: 1}
$data merge entity $(block_display_tingle_pen) {transformation: [-0.1155f,0f,-0.4865f,-0.6635f,0.4865f,0f,-0.1155f,1.0377f,0f,-1f,0f,0.2054f,0f,0f,0f,1f],start_interpolation: 0,interpolation_duration: 1}
$data merge entity $(bone_rightarm) {transformation: [-0.2309f,0.973f,0f,-0.4172f,0.973f,0.2309f,0f,1.3532f,0f,0f,-1f,0.0179f,0f,0f,0f,1f],start_interpolation: 0,interpolation_duration: 1}
$data merge entity $(item_display_tingle_book) {transformation: [0.2374f,0f,-0.44f,0.913f,-0.44f,0f,-0.2374f,1.1471f,0f,0.5f,0f,0.3304f,0f,0f,0f,1f],start_interpolation: 0,interpolation_duration: 1}
$data merge entity $(bone_leftarm) {transformation: [-0.2865f,-0.9581f,0f,0.3321f,-0.9581f,0.2865f,0f,1.3861f,0f,0f,-1f,0.0179f,0f,0f,0f,1f],start_interpolation: 0,interpolation_duration: 1}
$data merge entity $(bone_head) {transformation: [-0.9968f,0.0803f,-0.0036f,-0.048f,0.08f,0.9953f,0.0548f,1.4945f,0.008f,0.0543f,-0.9985f,0.0179f,0f,0f,0f,1f],start_interpolation: 0,interpolation_duration: 1}
$data merge entity $(item_display_tingles_pack) {transformation: [-0.4995f,-0.022f,0f,-0.037f,-0.022f,0.4995f,0f,1.2447f,0f,0f,-0.25f,-0.2321f,0f,0f,0f,1f],start_interpolation: 0,interpolation_duration: 1}
$data merge entity $(item_display_tingles_ballon_small) {transformation: [0f,0f,0f,-0.0727f,0f,0f,0f,2.0565f,0f,0f,0f,-0.6071f,0f,0f,0f,1f],start_interpolation: 0,interpolation_duration: 1}
$data merge entity $(item_display_tingles_ballon_big) {transformation: [0f,0f,0f,-0.1029f,0f,0f,0f,2.7433f,0f,0f,0f,-1.0133f,0f,0f,0f,1f],start_interpolation: 0,interpolation_duration: 1}
$data merge entity $(bone_torso) {transformation: [-0.999f,-0.0439f,0f,-0.0151f,-0.0439f,0.999f,0f,0.7452f,0f,0f,-1f,0.0179f,0f,0f,0f,1f],start_interpolation: 0,interpolation_duration: 1}