# This file was generated by Animated Java via MC-Build. It is not recommended to edit this file directly.
$data merge entity $(bone_lowerrightleg) {transformation: [-0.9999f,-0.0118f,0.001f,-0.1363f,-0.0115f,0.9887f,0.1497f,0.3641f,-0.0028f,0.1497f,-0.9887f,0.0448f,0f,0f,0f,1f],start_interpolation: 0,interpolation_duration: 1}
$data merge entity $(bone_rightleg) {transformation: [-0.9999f,-0.0113f,0.0035f,-0.1405f,-0.0115f,0.9979f,-0.0645f,0.7383f,-0.0028f,-0.0645f,-0.9979f,0.0206f,0f,0f,0f,1f],start_interpolation: 0,interpolation_duration: 1}
$data merge entity $(bone_lowerleftleg) {transformation: [-0.9998f,-0.0205f,-0.0032f,0.117f,-0.0208f,0.9877f,0.1547f,0.3749f,0f,0.1548f,-0.988f,0.0429f,0f,0f,0f,1f],start_interpolation: 0,interpolation_duration: 1}
$data merge entity $(bone_leftleg) {transformation: [-0.9998f,-0.0207f,0.0013f,0.1093f,-0.0208f,0.998f,-0.0594f,0.7492f,0f,-0.0594f,-0.9982f,0.0206f,0f,0f,0f,1f],start_interpolation: 0,interpolation_duration: 1}
$data merge entity $(block_display_tingle_pen) {transformation: [-0.1082f,0f,-0.4881f,-0.6685f,0.4881f,0f,-0.1082f,1.0401f,0f,-1f,0f,0.2081f,0f,0f,0f,1f],start_interpolation: 0,interpolation_duration: 1}
$data merge entity $(bone_rightarm) {transformation: [-0.2164f,0.9763f,0f,-0.4175f,0.9763f,0.2164f,0f,1.3518f,0f,0f,-1f,0.0206f,0f,0f,0f,1f],start_interpolation: 0,interpolation_duration: 1}
$data merge entity $(item_display_tingle_book) {transformation: [0.2309f,0f,-0.4435f,0.909f,-0.4435f,0f,-0.2309f,1.137f,0f,0.5f,0f,0.3331f,0f,0f,0f,1f],start_interpolation: 0,interpolation_duration: 1}
$data merge entity $(bone_leftarm) {transformation: [-0.3007f,-0.9537f,0f,0.3318f,-0.9537f,0.3007f,0f,1.3845f,0f,0f,-1f,0.0206f,0f,0f,0f,1f],start_interpolation: 0,interpolation_duration: 1}
$data merge entity $(bone_head) {transformation: [-0.9962f,0.0872f,-0.0028f,-0.0483f,0.0869f,0.9941f,0.0645f,1.493f,0.0084f,0.064f,-0.9979f,0.0206f,0f,0f,0f,1f],start_interpolation: 0,interpolation_duration: 1}
$data merge entity $(item_display_tingles_pack) {transformation: [-0.4995f,-0.0218f,0f,-0.0374f,-0.0218f,0.4995f,0f,1.2433f,0f,0f,-0.25f,-0.2294f,0f,0f,0f,1f],start_interpolation: 0,interpolation_duration: 1}
$data merge entity $(item_display_tingles_ballon_small) {transformation: [0f,0f,0f,-0.0729f,0f,0f,0f,2.055f,0f,0f,0f,-0.6044f,0f,0f,0f,1f],start_interpolation: 0,interpolation_duration: 1}
$data merge entity $(item_display_tingles_ballon_big) {transformation: [0f,0f,0f,-0.1029f,0f,0f,0f,2.7418f,0f,0f,0f,-1.0106f,0f,0f,0f,1f],start_interpolation: 0,interpolation_duration: 1}
$data merge entity $(bone_torso) {transformation: [-0.999f,-0.0436f,0f,-0.0156f,-0.0436f,0.999f,0f,0.7438f,0f,0f,-1f,0.0206f,0f,0f,0f,1f],start_interpolation: 0,interpolation_duration: 1}