# This file was generated by Animated Java via MC-Build. It is not recommended to edit this file directly.
$data merge entity $(bone_lowerrightleg) {transformation: [-1f,-0.0084f,0.0013f,-0.1358f,-0.0081f,0.9875f,0.1573f,0.3637f,-0.0026f,0.1573f,-0.9876f,0.049f,0f,0f,0f,1f],start_interpolation: 0,interpolation_duration: 1}
$data merge entity $(bone_rightleg) {transformation: [-1f,-0.0079f,0.0032f,-0.1387f,-0.0081f,0.9974f,-0.0718f,0.7377f,-0.0026f,-0.0718f,-0.9974f,0.0221f,0f,0f,0f,1f],start_interpolation: 0,interpolation_duration: 1}
$data merge entity $(bone_lowerleftleg) {transformation: [-0.9998f,-0.0176f,-0.0032f,0.1178f,-0.0179f,0.9867f,0.1613f,0.3724f,0.0003f,0.1613f,-0.9869f,0.0474f,0f,0f,0f,1f],start_interpolation: 0,interpolation_duration: 1}
$data merge entity $(bone_leftleg) {transformation: [-0.9998f,-0.0179f,0.0009f,0.1111f,-0.0179f,0.9975f,-0.0677f,0.7465f,0.0003f,-0.0677f,-0.9977f,0.0221f,0f,0f,0f,1f],start_interpolation: 0,interpolation_duration: 1}
$data merge entity $(block_display_tingle_pen) {transformation: [-0.1183f,0f,-0.4858f,-0.6551f,0.4858f,0f,-0.1183f,1.0367f,0f,-1f,0f,0.2096f,0f,0f,0f,1f],start_interpolation: 0,interpolation_duration: 1}
$data merge entity $(bone_rightarm) {transformation: [-0.2365f,0.9716f,0f,-0.4106f,0.9716f,0.2365f,0f,1.3535f,0f,0f,-1f,0.0221f,0f,0f,0f,1f],start_interpolation: 0,interpolation_duration: 1}
$data merge entity $(item_display_tingle_book) {transformation: [0.24f,0f,-0.4387f,0.9212f,-0.4387f,0f,-0.24f,1.1443f,0f,0.5f,0f,0.3346f,0f,0f,0f,1f],start_interpolation: 0,interpolation_duration: 1}
$data merge entity $(bone_leftarm) {transformation: [-0.281f,-0.9597f,0f,0.339f,-0.9597f,0.281f,0f,1.3799f,0f,0f,-1f,0.0221f,0f,0f,0f,1f],start_interpolation: 0,interpolation_duration: 1}
$data merge entity $(bone_misc_head_items) {transformation: [-0.9974f,0.0717f,-0.0014f,-0.0402f,0.0714f,0.9945f,0.0769f,1.4916f,0.0069f,0.0766f,-0.997f,0.0221f,0f,0f,0f,1f],start_interpolation: 0,interpolation_duration: 1}
$data merge entity $(bone_head) {transformation: [-0.9974f,0.0717f,-0.0014f,-0.0402f,0.0714f,0.9945f,0.0769f,1.4916f,0.0069f,0.0766f,-0.997f,0.0221f,0f,0f,0f,1f],start_interpolation: 0,interpolation_duration: 1}
$data merge entity $(item_display_tingles_pack) {transformation: [-0.4997f,-0.0176f,0f,-0.0314f,-0.0176f,0.4997f,0f,1.2418f,0f,0f,-0.25f,-0.2279f,0f,0f,0f,1f],start_interpolation: 0,interpolation_duration: 1}
$data merge entity $(item_display_tingles_ballon_small) {transformation: [0f,0f,0f,-0.0599f,0f,0f,0f,2.0538f,0f,0f,0f,-0.6029f,0f,0f,0f,1f],start_interpolation: 0,interpolation_duration: 1}
$data merge entity $(item_display_tingles_ballon_big) {transformation: [0f,0f,0f,-0.0841f,0f,0f,0f,2.7408f,0f,0f,0f,-1.0092f,0f,0f,0f,1f],start_interpolation: 0,interpolation_duration: 1}
$data merge entity $(bone_torso) {transformation: [-0.9994f,-0.0351f,0f,-0.0138f,-0.0351f,0.9994f,0f,0.7421f,0f,0f,-1f,0.0221f,0f,0f,0f,1f],start_interpolation: 0,interpolation_duration: 1}