# This file was generated by Animated Java via MC-Build. It is not recommended to edit this file directly.
$data merge entity $(bone_lowerrightleg) {transformation: [-1f,0.0049f,0.0024f,-0.1323f,0.0052f,0.9877f,0.1565f,0.364f,-0.0016f,0.1566f,-0.9877f,0.0549f,0f,0f,0f,1f],start_interpolation: 0,interpolation_duration: 1}
$data merge entity $(bone_rightleg) {transformation: [-1f,0.0053f,0.0011f,-0.1303f,0.0052f,0.9964f,-0.0844f,0.7377f,-0.0016f,-0.0844f,-0.9964f,0.0232f,0f,0f,0f,1f],start_interpolation: 0,interpolation_duration: 1}
$data merge entity $(bone_lowerleftleg) {transformation: [-1f,-0.0049f,-0.0024f,0.1217f,-0.0052f,0.9877f,0.1565f,0.364f,0.0016f,0.1566f,-0.9877f,0.0549f,0f,0f,0f,1f],start_interpolation: 0,interpolation_duration: 1}
$data merge entity $(bone_leftleg) {transformation: [-1f,-0.0053f,-0.0011f,0.1197f,-0.0052f,0.9964f,-0.0844f,0.7377f,0.0016f,-0.0844f,-0.9964f,0.0232f,0f,0f,0f,1f],start_interpolation: 0,interpolation_duration: 1}
$data merge entity $(block_display_tingle_pen) {transformation: [-0.1294f,0f,-0.483f,-0.6174f,0.483f,0f,-0.1294f,1.0403f,0f,-1f,0f,0.2107f,0f,0f,0f,1f],start_interpolation: 0,interpolation_duration: 1}
$data merge entity $(bone_rightarm) {transformation: [-0.2588f,0.9659f,0f,-0.3803f,0.9659f,0.2588f,0f,1.3627f,0f,0f,-1f,0.0232f,0f,0f,0f,1f],start_interpolation: 0,interpolation_duration: 1}
$data merge entity $(item_display_tingle_book) {transformation: [0.25f,0f,-0.433f,0.9573f,-0.433f,0f,-0.25f,1.1406f,0f,0.5f,0f,0.3357f,0f,0f,0f,1f],start_interpolation: 0,interpolation_duration: 1}
$data merge entity $(bone_leftarm) {transformation: [-0.2588f,-0.9659f,0f,0.3697f,-0.9659f,0.2588f,0f,1.3627f,0f,0f,-1f,0.0232f,0f,0f,0f,1f],start_interpolation: 0,interpolation_duration: 1}
$data merge entity $(bone_misc_head_items) {transformation: [-1f,0f,0f,-0.0053f,0f,0.9962f,0.0872f,1.4877f,0f,0.0872f,-0.9962f,0.0232f,0f,0f,0f,1f],start_interpolation: 0,interpolation_duration: 1}
$data merge entity $(bone_head) {transformation: [-1f,0f,0f,-0.0053f,0f,0.9962f,0.0872f,1.4877f,0f,0.0872f,-0.9962f,0.0232f,0f,0f,0f,1f],start_interpolation: 0,interpolation_duration: 1}
$data merge entity $(item_display_tingles_pack) {transformation: [-0.5f,0f,0f,-0.0053f,0f,0.5f,0f,1.2377f,0f,0f,-0.25f,-0.2268f,0f,0f,0f,1f],start_interpolation: 0,interpolation_duration: 1}
$data merge entity $(item_display_tingles_ballon_small) {transformation: [0f,0f,0f,-0.0053f,0f,0f,0f,2.0502f,0f,0f,0f,-0.6018f,0f,0f,0f,1f],start_interpolation: 0,interpolation_duration: 1}
$data merge entity $(item_display_tingles_ballon_big) {transformation: [0f,0f,0f,-0.0053f,0f,0f,0f,2.7377f,0f,0f,0f,-1.008f,0f,0f,0f,1f],start_interpolation: 0,interpolation_duration: 1}
$data merge entity $(bone_torso) {transformation: [-1f,0f,0f,-0.0053f,0f,1f,0f,0.7377f,0f,0f,-1f,0.0232f,0f,0f,0f,1f],start_interpolation: 0,interpolation_duration: 1}