execute if entity @s[tag=aj.banker.bone.lower_rightleg] run data modify entity @s {} merge value {transformation:[-0.997367621846025f,-0.06917727615016951f,-0.02173318563045071f,-0.12277161994625559f,-0.021460302975617795f,-0.004685505956691177f,0.9997587216074308f,0.14164056640925926f,-0.06926241613890707f,0.9975933793376803f,0.0031886066279598613f,0.0799036710983261f,0f,0f,0f,1f],start_interpolation:0}
execute if entity @s[tag=aj.banker.bone.rightleg] run data modify entity @s {} merge value {transformation:[-0.997367621846025f,-0.0030882487320065544f,0.07244507997768862f,-0.12392971322075805f,-0.021460302975617795f,0.9669054674358932f,-0.25423074644655286f,0.5042301166977192f,-0.06926241613890707f,-0.2551162083489522f,-0.9644264813599089f,-0.01576490703253097f,0f,0f,0f,1f],start_interpolation:0}
execute if entity @s[tag=aj.banker.bone.lower_leftleg] run data modify entity @s {} merge value {transformation:[-0.9974039695940952f,-0.06877943872964527f,-0.02132393598696565f,0.12497818015822712f,-0.01987204536156157f,-0.021725016871705388f,0.9995664687528649f,0.1315961650338328f,-0.06921288356288359f,0.9973953140304797f,0.02030182994095933f,0.10521547237235457f,0f,0f,0f,1f],start_interpolation:0}
execute if entity @s[tag=aj.banker.bone.leftleg] run data modify entity @s {} merge value {transformation:[-0.9974039695940952f,-0.002795911833250876f,0.07195487693660468f,0.12392971322075805f,-0.01987204536156157f,0.9711299153825281f,-0.23772208408616916f,0.49576988330228083f,-0.06921288356288359f,-0.23853484090619625f,-0.9686643930808886f,0.01576490703253097f,0f,0f,0f,1f],start_interpolation:0}
execute if entity @s[tag=aj.banker.bone.rightarm] run data modify entity @s {} merge value {transformation:[-0.9914377057660644f,0.13058052109605608f,-0.00005563816257986128f,-0.3717543658106617f,0.03384093358175343f,0.25652703708059876f,-0.965944444810862f,1.1164056280999464f,-0.12611925626024775f,-0.9576756271081203f,-0.2587495438516374f,0.11442374380968033f,0f,0f,0f,1f],start_interpolation:0}
execute if entity @s[tag=aj.banker.bone.leftarm] run data modify entity @s {} merge value {transformation:[-0.9914377057660644f,0.13058052109605608f,-0.00005563816257986128f,0.37182391351388655f,0.03384093358175343f,0.25652703708059876f,-0.965944444810862f,1.0910249279136313f,-0.12611925626024775f,-0.9576756271081203f,-0.2587495438516374f,0.20901318600486612f,0f,0f,0f,1f],start_interpolation:0}
execute if entity @s[tag=aj.banker.bone.hat] run data modify entity @s {} merge value {transformation:[-0.9914377057660644f,0.03385046811723399f,0.12611669752085491f,0.00004172862193491771f,0.03384093358175343f,0.9994247687834468f,-0.002218728570468259f,1.2244583336081465f,-0.12611925626024775f,0.0020681756207307223f,-0.9920129312917063f,0.19406215788872788f,0f,0f,0f,1f],start_interpolation:0}
execute if entity @s[tag=aj.banker.bone.head] run data modify entity @s {} merge value {transformation:[-0.9914377057660644f,0.03385046811723399f,0.12611669752085491f,0.00004172862193491771f,0.03384093358175343f,0.9994247687834468f,-0.002218728570468259f,1.2244583336081465f,-0.12611925626024775f,0.0020681756207307223f,-0.9920129312917063f,0.19406215788872788f,0f,0f,0f,1f],start_interpolation:0}
execute if entity @s[tag=aj.banker.bone.torso] run data modify entity @s {} merge value {transformation:[-0.9914377057660644f,0.00005563816257989028f,0.13058052109605608f,0f,0.03384093358175343f,0.9659444448108621f,0.25652703708059854f,0.5f,-0.12611925626024775f,0.2587495438516372f,-0.9576756271081204f,0f,0f,0f,0f,1f],start_interpolation:0}