execute if entity @s[tag=aj.banker.bone.lower_rightleg] run data modify entity @s {} merge value {transformation:[-0.999985643179718f,-0.003556725560680228f,0.004007884445888658f,-0.12445224991627614f,0.004048403734798693f,-0.011459181782764088f,0.9999261460628328f,0.14299325412327724f,-0.003510535806064391f,0.9999280158372181f,0.011473416326394065f,0.06963533120385289f,0f,0f,0f,1f],start_interpolation:0}
execute if entity @s[tag=aj.banker.bone.rightleg] run data modify entity @s {} merge value {transformation:[-0.999985643179718f,0.0047918674083730906f,0.002398216250917351f,-0.12265529963813623f,0.004048403734798693f,0.9688203433504565f,-0.24773121066491302f,0.5063008828796984f,-0.003510535806064391f,-0.24771794508481634f,-0.9688258335848144f,-0.023258898202953238f,0f,0f,0f,1f],start_interpolation:0}
execute if entity @s[tag=aj.banker.bone.lower_leftleg] run data modify entity @s {} merge value {transformation:[-0.9999860886747406f,-0.0035551024002551607f,0.003896627248962504f,0.12089880672425986f,0.003932649391111542f,-0.010182428942245525f,0.999940424430177f,0.13051023440409537f,-0.003515213472926909f,0.999941838002471f,0.010196268262454289f,0.11661708051172182f,0f,0f,0f,1f],start_interpolation:0}
execute if entity @s[tag=aj.banker.bone.leftleg] run data modify entity @s {} merge value {transformation:[-0.9999860886747406f,0.004683981103670326f,0.0024254438798117783f,0.12265529963813623f,0.003932649391111542f,0.9685036872432167f,-0.24896815472075948f,0.4936991171203016f,-0.003515213472926909f,-0.24895515282338287f,-0.9685086345288441f,0.023258898202953238f,0f,0f,0f,1f],start_interpolation:0}
execute if entity @s[tag=aj.banker.bone.rightarm] run data modify entity @s {} merge value {transformation:[-0.9812423971050899f,0.1755682996365738f,0.07961865539042576f,-0.3678595414170662f,0.05040706303758722f,0.6323060821532963f,-0.7730770637316008f,1.1222999906997422f,-0.1860711856236259f,-0.7545626485817272f,-0.6292954181034112f,0.0931239999330282f,0f,0f,0f,1f],start_interpolation:0}
execute if entity @s[tag=aj.banker.bone.leftarm] run data modify entity @s {} merge value {transformation:[-0.9812423971050899f,0.17542746164287198f,-0.07992849194746404f,0.3680722564117511f,0.05040706303758722f,-0.16670924995099726f,-0.9847167887147558f,1.0844946934215516f,-0.1860711856236259f,-0.9702748227601884f,0.15473940092395197f,0.23267738915074762f,0f,0f,0f,1f],start_interpolation:0}
execute if entity @s[tag=aj.banker.bone.hat] run data modify entity @s {} merge value {transformation:[-0.9812423971050899f,0.050058972526397905f,0.18616513474079532f,0.00012762899681093562f,0.05040706303758722f,0.998724643247022f,-0.002866176378582913f,1.2240768104727762f,-0.1860711856236259f,0.006571623902033502f,-0.9825142887713687f,0.1954808334502655f,0f,0f,0f,1f],start_interpolation:0}
execute if entity @s[tag=aj.banker.bone.head] run data modify entity @s {} merge value {transformation:[-0.9812423971050899f,0.050058972526397905f,0.18616513474079532f,0.00012762899681093562f,0.05040706303758722f,0.998724643247022f,-0.002866176378582913f,1.2240768104727762f,-0.1860711856236259f,0.006571623902033502f,-0.9825142887713687f,0.1954808334502655f,0f,0f,0f,1f],start_interpolation:0}
execute if entity @s[tag=aj.banker.bone.torso] run data modify entity @s {} merge value {transformation:[-0.9812423971050899f,0.00017017199574791418f,0.19277792706881408f,0f,0.05040706303758722f,0.965435747297035f,0.255720444698777f,0.5f,-0.1860711856236259f,0.26064111126702066f,-0.9473350647992034f,0f,0f,0f,0f,1f],start_interpolation:0}