execute if entity @s[tag=aj.banker.bone.lower_rightleg] run data modify entity @s {} merge value {transformation:[-0.9985782714939633f,-0.05109054602503581f,-0.015204992831056011f,-0.12397503295909358f,-0.015662246504061873f,0.00856143895460268f,0.9998406852081347f,0.14148960592105436f,-0.050952229927401275f,0.9986573275502916f,-0.009349459638659352f,0.08978610133905272f,0f,0f,0f,1f],start_interpolation:0}
execute if entity @s[tag=aj.banker.bone.rightleg] run data modify entity @s {} merge value {transformation:[-0.9985782714939633f,-0.0014636889280909837f,0.053285019610116974f,-0.1245239163071277f,-0.015662246504061873f,0.963556076562162f,-0.26704752639666746f,0.5028231346318651f,-0.050952229927401275f,-0.2675024204280301f,-0.9622090860777457f,-0.01052730632145855f,0f,0f,0f,1f],start_interpolation:0}
execute if entity @s[tag=aj.banker.bone.lower_leftleg] run data modify entity @s {} merge value {transformation:[-0.9985982006712391f,-0.05085687422289837f,-0.014670104309108261f,0.12490173068334745f,-0.01448443767233735f,-0.004017422418008121f,0.9998870243094625f,0.13460568327344585f,-0.050910064638340385f,0.9986978715614606f,0.003275157573067622f,0.10627173263838288f,0f,0f,0f,1f],start_interpolation:0}
execute if entity @s[tag=aj.banker.bone.leftleg] run data modify entity @s {} merge value {transformation:[-0.9985982006712391f,-0.0010075050032526608f,0.0529208706450701f,0.1245239163071277f,-0.01448443767233735f,0.9668564855858376f,-0.2549092727735093f,0.49717686536813493f,-0.050910064638340385f,-0.2553184701784649f,-0.9655157399567593f,0.01052730632145855f,0f,0f,0f,1f],start_interpolation:0}
execute if entity @s[tag=aj.banker.bone.rightarm] run data modify entity @s {} merge value {transformation:[-0.9961913304570216f,0.08521284685639963f,-0.018482528314520248f,-0.3735569295059674f,0.022585077054920667f,0.04743480190178276f,-0.9986189733141274f,1.112183155689559f,-0.0842184505716684f,-0.9952329929715787f,-0.04917867712882312f,0.1301422464384519f,0f,0f,0f,1f],start_interpolation:0}
execute if entity @s[tag=aj.banker.bone.leftarm] run data modify entity @s {} merge value {transformation:[-0.9961913304570216f,0.0852228863048082f,0.01843618106189545f,0.3735865683367988f,0.022585077054920667f,0.4564221266151507f,-0.8894766757091085f,1.0952443478983684f,-0.0842184505716684f,-0.8856725704152643f,-0.45660853101680693f,0.1933060843672032f,0f,0f,0f,1f],start_interpolation:0}
execute if entity @s[tag=aj.banker.bone.hat] run data modify entity @s {} merge value {transformation:[-0.9961913304570216f,0.022590428717704236f,0.08421701522031982f,0.0000177832984988459f,0.022585077054920667f,0.9997444079653806f,-0.001016383969743545f,1.2244565021527567f,-0.0842184505716684f,0.000889534879012277f,-0.996446918461293f,0.19406899848339304f,0f,0f,0f,1f],start_interpolation:0}
execute if entity @s[tag=aj.banker.bone.head] run data modify entity @s {} merge value {transformation:[-0.9961913304570216f,0.022590428717704236f,0.08421701522031982f,0.0000177832984988459f,0.022585077054920667f,0.9997444079653806f,-0.001016383969743545f,1.2244565021527567f,-0.0842184505716684f,0.000889534879012277f,-0.996446918461293f,0.19406899848339304f,0f,0f,0f,1f],start_interpolation:0}
execute if entity @s[tag=aj.banker.bone.torso] run data modify entity @s {} merge value {transformation:[-0.9961913304570216f,0.000023711064665127867f,0.08719422320345924f,0f,0.022585077054920667f,0.9659420028703422f,0.2577711414903832f,0.5f,-0.0842184505716684f,0.2587586646445241f,-0.9622635844999489f,0f,0f,0f,0f,1f],start_interpolation:0}