execute if entity @s[tag=aj.banker.bone.lower_rightleg] run data modify entity @s {} merge value {transformation:[-0.9999972502404977f,-0.001123665054137093f,0.0020583702994455442f,-0.1254297593278129f,0.002067829684386055f,-0.00848310120237633f,0.9999618798106189f,0.13968645562294607f,-0.001106160856250274f,0.9999633865151445f,0.008485401423842381f,0.08404756989349324f,0f,0f,0f,1f],start_interpolation:0}
execute if entity @s[tag=aj.banker.bone.rightleg] run data modify entity @s {} merge value {transformation:[-0.9999972502404977f,0.002279058948627649f,0.0005526316605196369f,-0.12457511222207751f,0.002067829684386055f,0.9680845931663492f,-0.25061513233310684f,0.502718178060327f,-0.001106160856250274f,-0.2506133004536132f,-0.9680866438722864f,-0.009932417776611706f,0f,0f,0f,1f],start_interpolation:0}
execute if entity @s[tag=aj.banker.bone.lower_leftleg] run data modify entity @s {} merge value {transformation:[-0.9999973671442346f,-0.0011243970647180311f,0.002000358927769346f,0.12374140707528249f,0.002009126096440505f,-0.007850932560410306f,0.9999671625959827f,0.13430954244183196f,-0.0011086554593988385f,0.9999685487999974f,0.007853170945522764f,0.10414191438852122f,0f,0f,0f,1f],start_interpolation:0}
execute if entity @s[tag=aj.banker.bone.leftleg] run data modify entity @s {} merge value {transformation:[-0.9999973671442346f,0.0022232137247867184f,0.0005683531762672028f,0.12457511222207751f,0.002009126096440505f,0.9679260786609094f,-0.25122712763641525f,0.497281821939673f,-0.0011086554593988385f,-0.25122532429842537f,-0.967927996967865f,0.009932417776611706f,0f,0f,0f,1f],start_interpolation:0}
execute if entity @s[tag=aj.banker.bone.rightarm] run data modify entity @s {} merge value {transformation:[-0.9966008977766201f,0.0805716710132912f,0.017171382616460076f,-0.3735533609653168f,0.021745424482616012f,0.4583316148480174f,-0.8885152037781231f,1.1115336403380478f,-0.07945934221289365f,-0.8851216507695056f,-0.45852576402439993f,0.1331709174197241f,0f,0f,0f,1f],start_interpolation:0}
execute if entity @s[tag=aj.banker.bone.leftarm] run data modify entity @s {} merge value {transformation:[-0.9966008977766201f,0.08045516566348888f,-0.01770923117742418f,0.37389731236714824f,0.021745424482616012f,0.04957099662154796f,-0.9985338516084555f,1.0952245719760858f,-0.07945934221289365f,-0.9955248277225469f,-0.05115203146588829f,0.19276542407939434f,0f,0f,0f,1f],start_interpolation:0}
execute if entity @s[tag=aj.banker.bone.hat] run data modify entity @s {} merge value {transformation:[-0.9966008977766201f,0.021587471652604023f,0.07950240008001591f,0.00020637084109882025f,0.021745424482616012f,0.9997629113534529f,0.0011214259399910387f,1.22405492738848f,-0.07945934221289365f,0.002846427535711765f,-0.9968340437532108f,0.19556180489947106f,0f,0f,0f,1f],start_interpolation:0}
execute if entity @s[tag=aj.banker.bone.head] run data modify entity @s {} merge value {transformation:[-0.9966008977766201f,0.021587471652604023f,0.07950240008001591f,0.00020637084109882025f,0.021745424482616012f,0.9997629113534529f,0.0011214259399910387f,1.22405492738848f,-0.07945934221289365f,0.002846427535711765f,-0.9968340437532108f,0.19556180489947106f,0f,0f,0f,1f],start_interpolation:0}
execute if entity @s[tag=aj.banker.bone.torso] run data modify entity @s {} merge value {transformation:[-0.9966008977766201f,0.0002751611214650937f,0.08238067028855817f,0f,0.021745424482616012f,0.9654065698513068f,0.25984089632312457f,0.5f,-0.07945934221289365f,0.26074907319929475f,-0.9621310377286469f,0f,0f,0f,0f,1f],start_interpolation:0}