execute if entity @s[tag=aj.banker.bone.lower_rightleg] run data modify entity @s {} merge value {transformation:[-1f,-1.2234812067540782e-16f,5.341834311772725e-18f,-0.125f,0f,0.04361938736533605f,0.9990482215818578f,0.1423561434694149f,-1.2246467991473532e-16f,0.9990482215818578f,-0.04361938736533605f,0.1127646748141024f,0f,0f,0f,1f],start_interpolation:0}
execute if entity @s[tag=aj.banker.bone.rightleg] run data modify entity @s {} merge value {transformation:[-1f,3.682583948479539e-17f,1.1679664110263902e-16f,-0.125f,0f,0.9537169507482269f,-0.3007057995042731f,0.5f,-1.2246467991473532e-16f,-0.3007057995042731f,-0.9537169507482269f,-1.5308084989341915e-17f,0f,0f,0f,1f],start_interpolation:0}
execute if entity @s[tag=aj.banker.bone.lower_leftleg] run data modify entity @s {} merge value {transformation:[-1f,-1.2234812067540782e-16f,5.341834311772725e-18f,0.12499999999999999f,0f,0.04361938736533605f,0.9990482215818578f,0.1423561434694149f,-1.2246467991473532e-16f,0.9990482215818578f,-0.04361938736533605f,0.11276467481410243f,0f,0f,0f,1f],start_interpolation:0}
execute if entity @s[tag=aj.banker.bone.leftleg] run data modify entity @s {} merge value {transformation:[-1f,3.682583948479539e-17f,1.1679664110263902e-16f,0.125f,0f,0.9537169507482269f,-0.3007057995042731f,0.5f,-1.2246467991473532e-16f,-0.3007057995042731f,-0.9537169507482269f,1.5308084989341915e-17f,0f,0f,0f,1f],start_interpolation:0}
execute if entity @s[tag=aj.banker.bone.rightarm] run data modify entity @s {} merge value {transformation:[-1f,1.18291797137867e-16f,-3.169619151431762e-17f,-0.375f,0f,-0.2588190451025205f,-0.9659258262890684f,1.1037036414306676f,-1.2246467991473532e-16f,-0.9659258262890684f,0.2588190451025205f,0.1617619031890754f,0f,0f,0f,1f],start_interpolation:0}
execute if entity @s[tag=aj.banker.bone.leftarm] run data modify entity @s {} merge value {transformation:[-1f,8.659560562354933e-17f,8.659560562354934e-17f,0.375f,0f,0.7071067811865477f,-0.7071067811865475f,1.1037036414306676f,-1.2246467991473532e-16f,-0.7071067811865475f,-0.7071067811865477f,0.16176190318907552f,0f,0f,0f,1f],start_interpolation:0}
execute if entity @s[tag=aj.banker.bone.hat] run data modify entity @s {} merge value {transformation:[-1f,0f,1.2246467991473532e-16f,-2.3772143635738236e-17f,0f,1f,0f,1.2244443697168013f,-1.2246467991473532e-16f,0f,-1f,0.19411428382689055f,0f,0f,0f,1f],start_interpolation:0}
execute if entity @s[tag=aj.banker.bone.head] run data modify entity @s {} merge value {transformation:[-1f,0f,1.2246467991473532e-16f,-2.3772143635738236e-17f,0f,1f,0f,1.2244443697168013f,-1.2246467991473532e-16f,0f,-1f,0.19411428382689055f,0f,0f,0f,1f],start_interpolation:0}
execute if entity @s[tag=aj.banker.bone.torso] run data modify entity @s {} merge value {transformation:[-1f,-3.169619151431765e-17f,1.1829179713786698e-16f,0f,0f,0.9659258262890683f,0.25881904510252074f,0.5f,-1.2246467991473532e-16f,0.25881904510252074f,-0.9659258262890683f,0f,0f,0f,0f,1f],start_interpolation:0}