execute if entity @s[tag=aj.banker.bone.lower_rightleg] run data modify entity @s {} merge value {transformation:[-0.9998219902721008f,-0.017245961089634596f,-0.007652750775370497f,-0.12383732423241248f,-0.008449877770841824f,0.046632463773934235f,0.9988763751776446f,0.14168003746454283f,-0.016869716476365485f,0.9987632302745568f,-0.04676988900499468f,0.11775945101378478f,0f,0f,0f,1f],start_interpolation:0}
execute if entity @s[tag=aj.banker.bone.rightleg] run data modify entity @s {} merge value {transformation:[-0.9998219902721008f,-0.0029284064349896013f,0.018638996863743384f,-0.12493547664553357f,-0.008449877770841824f,0.9527711183093481f,-0.30357173070167764f,0.49896920683054835f,-0.016869716476365485f,-0.3036751892257673f,-0.9526262604582667f,0.00388125505412204f,0f,0f,0f,1f],start_interpolation:0}
execute if entity @s[tag=aj.banker.bone.lower_leftleg] run data modify entity @s {} merge value {transformation:[-0.9998248778203449f,-0.017192644461856994f,-0.007390985586555647f,0.12594398665955084f,-0.008100206255210778f,0.041554330205324425f,0.9991034102132823f,0.143166517546374f,-0.01687010225681928f,0.998988313554065f,-0.041686317086658264f,0.10817740431819764f,0f,0f,0f,1f],start_interpolation:0}
execute if entity @s[tag=aj.banker.bone.leftleg] run data modify entity @s {} merge value {transformation:[-0.9998248778203449f,-0.0026893600373793895f,0.018519747139792216f,0.12493547664553357f,-0.008100206255210778f,0.9543047349948737f,-0.29872539132954057f,0.5010307931694516f,-0.01687010225681928f,-0.29882309165951915f,-0.9541593994406233f,-0.00388125505412204f,0f,0f,0f,1f],start_interpolation:0}
execute if entity @s[tag=aj.banker.bone.rightarm] run data modify entity @s {} merge value {transformation:[-0.9994838131642686f,-0.029276920998322506f,0.013227589329559952f,-0.37476068195807266f,-0.00824634535561309f,-0.16414399594371626f,-0.9864019192924885f,1.1006003068081447f,0.03105004043297632f,-0.9860018308768433f,0.16381783937234462f,0.17344654139037402f,0f,0f,0f,1f],start_interpolation:0}
execute if entity @s[tag=aj.banker.bone.leftarm] run data modify entity @s {} merge value {transformation:[-0.9994838131642686f,-0.02921634178507658f,-0.01336086057524342f,0.3748521779151288f,-0.00824634535561309f,0.6352624293461535f,-0.772252318643006f,1.1067850658248546f,0.03105004043297632f,-0.7717435138917078f,-0.6351754432872777f,0.15015901106564178f,0f,0f,0f,1f],start_interpolation:0}
execute if entity @s[tag=aj.banker.bone.hat] run data modify entity @s {} merge value {transformation:[-0.9994838131642686f,-0.008244206571333276f,-0.031050608377658093f,0.00005489757423370205f,-0.00824634535561309f,0.999965996564953f,-0.00005917884991618605f,1.2244312235797996f,0.03105004043297632f,0.00019690573761119157f,-0.9995178118559174f,0.19416333147360948f,0f,0f,0f,1f],start_interpolation:0}
execute if entity @s[tag=aj.banker.bone.head] run data modify entity @s {} merge value {transformation:[-0.9994838131642686f,-0.008244206571333276f,-0.031050608377658093f,0.00005489757423370205f,-0.00824634535561309f,0.999965996564953f,-0.00005917884991618605f,1.2244312235797996f,0.03105004043297632f,0.00019690573761119157f,-0.9995178118559174f,0.19416333147360948f,0f,0f,0f,1f],start_interpolation:0}
execute if entity @s[tag=aj.banker.bone.torso] run data modify entity @s {} merge value {transformation:[-0.9994838131642686f,0.00007319676564493606f,-0.03212634222638806f,0f,-0.00824634535561309f,0.9659082981063994f,0.25875308198642755f,0.5f,0.03105004043297632f,0.25888444196481264f,-0.9654091053525847f,0f,0f,0f,0f,1f],start_interpolation:0}