execute if entity @s[tag=aj.banker.bone.lower_rightleg] run data modify entity @s {} merge value {transformation:[-0.9963699404857395f,-0.06909431758103414f,-0.049728432254146235f,-0.11119496020104203f,-0.05263338491810836f,0.04087807102117938f,0.9977768839282908f,0.1360677975112662f,-0.06690791050769906f,0.996772270173884f,-0.04436634900344094f,0.1368212243809107f,0f,0f,0f,1f],start_interpolation:0}
execute if entity @s[tag=aj.banker.bone.rightleg] run data modify entity @s {} merge value {transformation:[-0.9963699404857395f,-0.030151051716812594f,0.07961065115180321f,-0.12250160459484674f,-0.05263338491810836f,0.9531984377532313f,-0.2977288448519248f,0.4935172116687279f,-0.06690791050769906f,-0.30083824947165433f,-0.9513252226059836f,0.024006880829040348f,0f,0f,0f,1f],start_interpolation:0}
execute if entity @s[tag=aj.banker.bone.lower_leftleg] run data modify entity @s {} merge value {transformation:[-0.9965132210622256f,-0.06808607847038221f,-0.0482253684974283f,0.13336166275715686f,-0.049874482143270296f,0.02273160616678513f,0.9984967752136302f,0.1470113695649739f,-0.0668874897056872f,0.9974204529683574f,-0.026048103986057364f,0.0822350987593309f,0f,0f,0f,1f],start_interpolation:0}
execute if entity @s[tag=aj.banker.bone.leftleg] run data modify entity @s {} merge value {transformation:[-0.9965132210622256f,-0.02896015509949361f,0.07824774542950785f,0.12250160459484674f,-0.049874482143270296f,0.958590450043462f,-0.28038702736826765f,0.5064827883312721f,-0.0668874897056872f,-0.28331194556899f,-0.9566924297906748f,-0.024006880829040348f,0f,0f,0f,1f],start_interpolation:0}
execute if entity @s[tag=aj.banker.bone.rightarm] run data modify entity @s {} merge value {transformation:[-0.9800128367587739f,-0.19446966254551826f,-0.04190930848216047f,-0.36763643530738216f,-0.0518623066501767f,0.4531403317246965f,-0.8899292898390047f,1.0841076283174589f,0.19205504663232278f,-0.8699686144418455f,-0.45416898721642374f,0.2343325200987567f,0f,0f,0f,1f],start_interpolation:0}
execute if entity @s[tag=aj.banker.bone.leftarm] run data modify entity @s {} merge value {transformation:[-0.9800128367587739f,-0.19438049523014428f,0.04232095062855372f,0.36737319226169834f,-0.0518623066501767f,0.04425988087264762f,-0.9976729745232461f,1.1230043583050917f,0.19205504663232278f,-0.9799271840393156f,-0.053456272259047755f,0.09029123512451463f,0f,0f,0f,1f],start_interpolation:0}
execute if entity @s[tag=aj.banker.bone.hat] run data modify entity @s {} merge value {transformation:[-0.9800128367587739f,-0.05169136495726542f,-0.19210112591256573f,-0.0001579458274102723f,-0.0518623066501767f,0.998645656491145f,-0.004141729142913664f,1.2242671919735302f,0.19205504663232278f,0.0059038597734884235f,-0.981366396155295f,0.1947742531339628f,0f,0f,0f,1f],start_interpolation:0}
execute if entity @s[tag=aj.banker.bone.head] run data modify entity @s {} merge value {transformation:[-0.9800128367587739f,-0.05169136495726542f,-0.19210112591256573f,-0.0001579458274102723f,-0.0518623066501767f,0.998645656491145f,-0.004141729142913664f,1.2242671919735302f,0.19205504663232278f,0.0059038597734884235f,-0.981366396155295f,0.1947742531339628f,0f,0f,0f,1f],start_interpolation:0}
execute if entity @s[tag=aj.banker.bone.torso] run data modify entity @s {} merge value {transformation:[-0.9800128367587739f,-0.0002105944365470297f,-0.19893414849644073f,0f,-0.0518623066501767f,0.9656895892980404f,0.2544679120641837f,0.5f,0.19205504663232278f,0.2596990041786171f,-0.946399115749635f,0f,0f,0f,0f,1f],start_interpolation:0}