execute if entity @s[tag=aj.banker.bone.lower_rightleg] run data modify entity @s {} merge value {transformation:[-0.9999075515133986f,-0.012063420756321701f,-0.006273938646164926f,-0.12378891933459239f,-0.006878682602939718f,0.0507604492676742f,0.9986871684946153f,0.14183391498286418f,-0.011729115573132935f,0.998637997809917f,-0.050838736983448735f,0.12039126039359395f,0f,0f,0f,1f],start_interpolation:0}
execute if entity @s[tag=aj.banker.bone.rightleg] run data modify entity @s {} merge value {transformation:[-0.9999075515133986f,-0.0029379163300626635f,0.013276184471354945f,-0.12489063795836589f,-0.006878682602939718f,0.9515199574240167f,-0.30751008820759906f,0.49865389901687046f,-0.011729115573132935f,-0.30757298202448624f,-0.9514521998379304f,0.005051392134411614f,0f,0f,0f,1f],start_interpolation:0}
execute if entity @s[tag=aj.banker.bone.lower_leftleg] run data modify entity @s {} merge value {transformation:[-0.9999090633700862f,-0.012033155916117607f,-0.006088361771059792f,0.1259280739398703f,-0.006646865898749826f,0.046932264104904226f,0.9988759591459351f,0.14408618007630747f,-0.011733889554658976f,0.9988255932567437f,-0.047007979016685464f,0.10891909808229099f,0f,0f,0f,1f],start_interpolation:0}
execute if entity @s[tag=aj.banker.bone.leftleg] run data modify entity @s {} merge value {transformation:[-0.9999090633700862f,-0.002766495950678398f,0.013198920050965478f,0.12489063795836589f,-0.006646865898749826f,0.9526931224181923f,-0.3038612079071618f,0.5013461009831296f,-0.011733889554658976f,-0.30392130724454025f,-0.9526248762438911f,-0.005051392134411614f,0f,0f,0f,1f],start_interpolation:0}
execute if entity @s[tag=aj.banker.bone.rightarm] run data modify entity @s {} merge value {transformation:[-0.9991251036669271f,-0.03809327939605414f,0.017260628244833383f,-0.3746406818414927f,-0.010768807865036423f,-0.16446931346350094f,-0.9863234143555604f,1.09969385330042f,0.04041113707529291f,-0.9856463600063152f,0.16391520065748338f,0.17680962027852468f,0f,0f,0f,1f],start_interpolation:0}
execute if entity @s[tag=aj.banker.bone.leftarm] run data modify entity @s {} merge value {transformation:[-0.9991251036669271f,-0.038051922114601816f,-0.017351612199921373f,0.3747031459087027f,-0.010768807865036423f,0.6349893776878047f,-0.7724458058665478f,1.1077704591991973f,0.04041113707529291f,-0.7715831396855679f,-0.6348436016478729f,0.14650126747205497f,0f,0f,0f,1f],start_interpolation:0}
execute if entity @s[tag=aj.banker.bone.hat] run data modify entity @s {} merge value {transformation:[-0.9991251036669271f,-0.01077589152042338f,-0.0404092487494169f,0.00003747844032599437f,-0.010768807865036423f,0.9999419374907497f,-0.0003929687160736106f,1.2244785874997701f,0.04041113707529291f,0.0000425345265680499f,-0.999183135461711f,0.19398653265034776f,0f,0f,0f,1f],start_interpolation:0}
execute if entity @s[tag=aj.banker.bone.head] run data modify entity @s {} merge value {transformation:[-0.9991251036669271f,-0.01077589152042338f,-0.0404092487494169f,0.00003747844032599437f,-0.010768807865036423f,0.9999419374907497f,-0.0003929687160736106f,1.2244785874997701f,0.04041113707529291f,0.0000425345265680499f,-0.999183135461711f,0.19398653265034776f,0f,0f,0f,1f],start_interpolation:0}
execute if entity @s[tag=aj.banker.bone.torso] run data modify entity @s {} merge value {transformation:[-0.9991251036669271f,0.0000499712537679925f,-0.04182134294144534f,0f,-0.010768807865036423f,0.9659714499996935f,0.2584244387875411f,0.5f,0.04041113707529291f,0.2586487102004637f,-0.965125786989405f,0f,0f,0f,0f,1f],start_interpolation:0}