execute if entity @s[tag=aj.banker.bone.lower_rightleg] run data modify entity @s {} merge value {transformation:[-0.9994887118236384f,-0.03160629555482184f,-0.0048329099335013385f,-0.12251508500227776f,-0.004548608958174945f,-0.009060797274290294f,0.9999486047339132f,0.14483354189585107f,-0.031648461158004154f,0.999459325852761f,0.008912399916680164f,0.06422373225203368f,0f,0f,0f,1f],start_interpolation:0}
execute if entity @s[tag=aj.banker.bone.rightleg] run data modify entity @s {} merge value {transformation:[-0.9994887118236384f,0.0035120787138291087f,0.031780186283783096f,-0.12119805548459184f,-0.004548608958174945f,0.9682212891726054f,-0.2500536849348228f,0.5079165253355781f,-0.031648461158004154f,-0.2500703910822828f,-0.9677102740026503f,-0.029552664403822367f,0f,0f,0f,1f],start_interpolation:0}
execute if entity @s[tag=aj.banker.bone.lower_leftleg] run data modify entity @s {} merge value {transformation:[-0.999491376108034f,-0.031571768804210705f,-0.004495831429485649f,0.11976227972244644f,-0.004029531801110958f,-0.014817638463333671f,0.9998820932809197f,0.1284658405962582f,-0.031634663885249686f,0.9993916454548453f,0.014682882411974879f,0.12123229541656036f,0f,0f,0f,1f],start_interpolation:0}
execute if entity @s[tag=aj.banker.bone.leftleg] run data modify entity @s {} merge value {transformation:[-0.999491376108034f,0.003828735365721078f,0.03165959366713603f,0.12119805548459184f,-0.004029531801110958f,0.9696470241817701f,-0.24447578892172894f,0.492083474664422f,-0.031634663885249686f,-0.244479016033968f,-0.969138410527583f,0.029552664403822367f,0f,0f,0f,1f],start_interpolation:0}
execute if entity @s[tag=aj.banker.bone.rightarm] run data modify entity @s {} merge value {transformation:[-0.9695844438767347f,0.2228400402961472f,0.10123399939276621f,-0.36356046825956345f,0.06333220268462432f,0.6279432569594119f,-0.7756779603303935f,1.1274984030814155f,-0.23642131523057894f,-0.7456739116262666f,-0.6229569641834224f,0.07293517703523077f,0f,0f,0f,1f],start_interpolation:0}
execute if entity @s[tag=aj.banker.bone.leftarm] run data modify entity @s {} merge value {transformation:[-0.9695844438767347f,0.2227954173388307f,-0.10133216767176824f,0.3636278646479876f,0.06333220268462432f,-0.17153750960347366f,-0.9831398246954254f,1.0799992510679473f,-0.23642131523057894f,-0.9596546695618452f,0.1522099763247757f,0.25025116345816495f,0f,0f,0f,1f],start_interpolation:0}
execute if entity @s[tag=aj.banker.bone.hat] run data modify entity @s {} merge value {transformation:[-0.9695844438767347f,0.0633998604789498f,0.23640318078125092f,0.00004043783305446703f,0.06333220268462432f,0.9979613296179353f,-0.007887755721145195f,1.2244985924896175f,-0.23642131523057894f,0.007324088916206006f,-0.9716230336021222f,0.19391180429603744f,0f,0f,0f,1f],start_interpolation:0}
execute if entity @s[tag=aj.banker.bone.head] run data modify entity @s {} merge value {transformation:[-0.9695844438767347f,0.0633998604789498f,0.23640318078125092f,0.00004043783305446703f,0.06333220268462432f,0.9979613296179353f,-0.007887755721145195f,1.2244985924896175f,-0.23642131523057894f,0.007324088916206006f,-0.9716230336021222f,0.19391180429603744f,0f,0f,0f,1f],start_interpolation:0}
execute if entity @s[tag=aj.banker.bone.torso] run data modify entity @s {} merge value {transformation:[-0.9695844438767347f,0.000053917110739289374f,0.2447570290822886f,0f,0.06333220268462432f,0.9659981233194901f,0.25067241141844243f,0.5f,-0.23642131523057894f,0.2585490723947166f,-0.9366201678740826f,0f,0f,0f,0f,1f],start_interpolation:0}