execute if entity @s[tag=aj.banker.bone.lower_rightleg] run data modify entity @s {} merge value {transformation:[-0.9949837095429468f,-0.0725022566374381f,-0.0689263413118389f,-0.10237304934908184f,-0.07127818041493482f,0.030364097305833893f,0.9969942038906434f,0.13296289057876592f,-0.07019144350198989f,0.9969059355712959f,-0.0353796111033747f,0.14234240683394062f,0f,0f,0f,1f],start_interpolation:0}
execute if entity @s[tag=aj.banker.bone.rightleg] run data modify entity @s {} merge value {transformation:[-0.9949837095429468f,-0.047812768354040705f,0.08787125199108006f,-0.12030283748184711f,-0.07127818041493482f,0.9551636435283856f,-0.2873705536033834f,0.4911492569019105f,-0.07019144350198989f,-0.292192322390411f,-0.9537802723873068f,0.0327702859375365f,0f,0f,0f,1f],start_interpolation:0}
execute if entity @s[tag=aj.banker.bone.lower_leftleg] run data modify entity @s {} merge value {transformation:[-0.9952705124994595f,-0.07117415722698325f,-0.0661123762399438f,0.137342246571111f,-0.06721057489672126f,0.013144434577810588f,0.9976522252076031f,0.14875473560673702f,-0.07013804653050601f,0.9973772922934722f,-0.017865924163788377f,0.07050373754696074f,0f,0f,0f,1f],start_interpolation:0}
execute if entity @s[tag=aj.banker.bone.leftleg] run data modify entity @s {} merge value {transformation:[-0.9952705124994595f,-0.045438424238037f,0.08586009871778269f,0.12030283748184711f,-0.06721057489672126f,0.9602560199769401f,-0.27090794510331107f,0.5088507430980895f,-0.07013804653050601f,-0.2753973959586593f,-0.95876844374858f,-0.0327702859375365f,0f,0f,0f,1f],start_interpolation:0}
execute if entity @s[tag=aj.banker.bone.rightarm] run data modify entity @s {} merge value {transformation:[-0.9624226998547769f,-0.24730583836373185f,-0.11217115990954941f,-0.3610468506460447f,-0.07080594478471586f,0.6273144568534337f,-0.7755405149995873f,1.0769557669285388f,0.262162287500292f,-0.7384554113376738f,-0.6212523967589347f,0.26080110169720205f,0f,0f,0f,1f],start_interpolation:0}
execute if entity @s[tag=aj.banker.bone.leftarm] run data modify entity @s {} merge value {transformation:[-0.9624226998547769f,-0.24712265170460537f,0.11257416141693562f,0.360770174245038f,-0.07080594478471586f,-0.17184740286370095f,-0.9825756908819516f,1.1300602255170757f,0.262162287500292f,-0.9536240690877538f,0.14789208859546574f,0.06417938607198301f,0f,0f,0f,1f],start_interpolation:0}
execute if entity @s[tag=aj.banker.bone.hat] run data modify entity @s {} merge value {transformation:[-0.9624226998547769f,-0.07049758588523164f,-0.26224537591461244f,-0.00016600584060401166f,-0.07080594478471586f,0.9974556932975717f,-0.008286017825503422f,1.2242095954673686f,0.262162287500292f,0.010593879960391267f,-0.9649656495026125f,0.19498829266151102f,0f,0f,0f,1f],start_interpolation:0}
execute if entity @s[tag=aj.banker.bone.head] run data modify entity @s {} merge value {transformation:[-0.9624226998547769f,-0.07049758588523164f,-0.26224537591461244f,-0.00016600584060401166f,-0.07080594478471586f,0.9974556932975717f,-0.008286017825503422f,1.2242095954673686f,0.262162287500292f,0.010593879960391267f,-0.9649656495026125f,0.19498829266151102f,0f,0f,0f,1f],start_interpolation:0}
execute if entity @s[tag=aj.banker.bone.torso] run data modify entity @s {} merge value {transformation:[-0.9624226998547769f,-0.00022134112080534889f,-0.2715556992816579f,0f,-0.07080594478471586f,0.9656127939564916f,0.25015685145660493f,0.5f,0.262162287500292f,0.259984390215348f,-0.9293433444410993f,0f,0f,0f,0f,1f],start_interpolation:0}