execute if entity @s[tag=aj.banker.bone.lower_rightleg] run data modify entity @s {} merge value {transformation:[-0.9999951161826584f,0.00301420090047556f,0.0008259562719626761f,-0.12499338040693905f,0.0009694108265329141f,0.04790607507630332f,0.9988513744363738f,0.14235977421967244f,0.002971170389092982f,0.998847296919662f,-0.04790876311076939f,0.11605336716026256f,0f,0f,0f,1f],start_interpolation:0}
execute if entity @s[tag=aj.banker.bone.rightleg] run data modify entity @s {} merge value {transformation:[-0.9999951161826584f,0.0000176798956659438f,-0.0031252677089989266f,-0.12498675044606432f,0.0009694108265329141f,0.9524173345865674f,-0.3047954740833071f,0.4995162746896352f,0.002971170389092982f,-0.30479701518623803f,-0.9524127002933546f,0.0017544864654233014f,0f,0f,0f,1f],start_interpolation:0}
execute if entity @s[tag=aj.banker.bone.lower_leftleg] run data modify entity @s {} merge value {transformation:[-0.9999951716109465f,0.003011971950362769f,0.0007647089404843396f,0.125002089291887f,0.0009100299605271159f,0.04854579309462659f,0.9988205433501478f,0.14340048174630532f,0.0029712960580143815f,0.998816416564017f,-0.04854829968136576f,0.11277305140425407f,0f,0f,0f,1f],start_interpolation:0}
execute if entity @s[tag=aj.banker.bone.leftleg] run data modify entity @s {} merge value {transformation:[-0.9999951716109465f,-0.00004090358886049521f,-0.0031072627326711715f,0.12498675044606432f,0.0009100299605271159f,0.9522219828374919f,-0.30540541456645154f,0.5004837253103648f,0.0029712960580143815f,-0.305406767652473f,-0.9522173479158023f,-0.0017544864654233014f,0f,0f,0f,1f],start_interpolation:0}
execute if entity @s[tag=aj.banker.bone.rightarm] run data modify entity @s {} merge value {transformation:[-0.9998940035685145f,-0.01420452759737389f,0.003195782136327639f,-0.3750328717068629f,-0.003869802482918228f,0.04767978125543082f,-0.9988551762333605f,1.1023744421332449f,0.014035891723386412f,-0.9987616681947551f,-0.0477296960849288f,0.16656943478311337f,0f,0f,0f,1f],start_interpolation:0}
execute if entity @s[tag=aj.banker.bone.leftarm] run data modify entity @s {} merge value {transformation:[-0.9998940035685145f,-0.014253724439774405f,-0.0029686642320082405f,0.374887630969523f,-0.003869802482918228f,0.4567428900411526f,-0.8895903310095038f,1.1052767939954333f,0.014035891723386412f,-0.889484549464717f,-0.45674963602292984f,0.15604251599057356f,0f,0f,0f,1f],start_interpolation:0}
execute if entity @s[tag=aj.banker.bone.hat] run data modify entity @s {} merge value {transformation:[-0.9998940035685145f,-0.0038804123089078574f,-0.014032962197636807f,-0.00008714444240397294f,-0.003869802482918228f,0.99999220563032f,-0.000783139419927692f,1.2245907416772068f,0.014035891723386412f,-0.0007287516179887155f,-0.9999012264541977f,0.19356717046421218f,0f,0f,0f,1f],start_interpolation:0}
execute if entity @s[tag=aj.banker.bone.head] run data modify entity @s {} merge value {transformation:[-0.9998940035685145f,-0.0038804123089078574f,-0.014032962197636807f,-0.00008714444240397294f,-0.003869802482918228f,0.99999220563032f,-0.000783139419927692f,1.2245907416772068f,0.014035891723386412f,-0.0007287516179887155f,-0.9999012264541977f,0.19356717046421218f,0f,0f,0f,1f],start_interpolation:0}
execute if entity @s[tag=aj.banker.bone.torso] run data modify entity @s {} merge value {transformation:[-0.9998940035685145f,-0.00011619258987196392f,-0.014559125214431192f,0f,-0.003869802482918228f,0.9661209889029425f,0.25806057317990977f,0.5f,0.014035891723386412f,0.25808956061894955f,-0.9660190331681084f,0f,0f,0f,0f,1f],start_interpolation:0}