execute if entity @s[tag=aj.banker.bone.lower_rightleg] run data modify entity @s {} merge value {transformation:[-0.9989776020754788f,-0.04119470076490725f,-0.018621148740507278f,-0.12186535330584775f,-0.020640831968558617f,0.04915838777301648f,0.9985776930050078f,0.1405370967854374f,-0.04022072360328782f,0.9979411052464207f,-0.04995842123586816f,0.12446318395891348f,0f,0f,0f,1f],start_interpolation:0}
execute if entity @s[tag=aj.banker.bone.rightleg] run data modify entity @s {} merge value {transformation:[-0.9989776020754788f,-0.007324675368368762f,0.04461053331080404f,-0.12461210656898603f,-0.020640831968558617f,0.9518288562475021f,-0.30593428129292355f,0.4974729178782507f,-0.04022072360328782f,-0.306542293240786f,-0.951006895793878f,0.00950982399361872f,0f,0f,0f,1f],start_interpolation:0}
execute if entity @s[tag=aj.banker.bone.lower_leftleg] run data modify entity @s {} merge value {transformation:[-0.9989952417130805f,-0.040934996765681866f,-0.01824371328479231f,0.12724735046462052f,-0.019768004088784107f,0.03714638892525718f,0.999114293664223f,0.1442310420889274f,-0.04022105231057371f,0.9984710670968925f,-0.03791826896659384f,0.10113376229320162f,0f,0f,0f,1f],start_interpolation:0}
execute if entity @s[tag=aj.banker.bone.leftleg] run data modify entity @s {} merge value {transformation:[-0.9989952417130805f,-0.007027317055025309f,0.04426199102652571f,0.12461210656898603f,-0.019768004088784107f,0.9554561067541916f,-0.29447046385073783f,0.5025270821217492f,-0.04022105231057371f,-0.2950495634315209f,-0.9546350203454192f,-0.00950982399361872f,0f,0f,0f,1f],start_interpolation:0}
execute if entity @s[tag=aj.banker.bone.rightarm] run data modify entity @s {} merge value {transformation:[-0.9968968525518882f,-0.07696651857118957f,0.016517275537136406f,-0.37374180884130853f,-0.020216656973994225f,0.047536232137298434f,-0.9986649054687887f,1.0961471416014117f,0.07607859194894975f,-0.9958998251095437f,-0.048944725904285f,0.19019896394169222f,0f,0f,0f,1f],start_interpolation:0}
execute if entity @s[tag=aj.banker.bone.leftarm] run data modify entity @s {} merge value {transformation:[-0.9968968525518882f,-0.07690249195926711f,-0.016812855277846466f,0.3739308305726076f,-0.020216656973994225f,0.4565334721608557f,-0.8894765177212657f,1.1113096343319073f,0.07607859194894975f,-0.8863764412072379f,-0.45667149278212793f,0.13314001997997993f,0f,0f,0f,1f],start_interpolation:0}
execute if entity @s[tag=aj.banker.bone.hat] run data modify entity @s {} merge value {transformation:[-0.9968968525518882f,-0.020227848415000475f,-0.07607561712295678f,0.00011341303877947291f,-0.020216656973994225f,0.9997952017005945f,-0.0009172988953298766f,1.2244740655599915f,0.07607859194894975f,0.0006235422738560814f,-0.9971016292445308f,0.1940033903530033f,0f,0f,0f,1f],start_interpolation:0}
execute if entity @s[tag=aj.banker.bone.head] run data modify entity @s {} merge value {transformation:[-0.9968968525518882f,-0.020227848415000475f,-0.07607561712295678f,0.00011341303877947291f,-0.020216656973994225f,0.9997952017005945f,-0.0009172988953298766f,1.2244740655599915f,0.07607859194894975f,0.0006235422738560814f,-0.9971016292445308f,0.1940033903530033f,0f,0f,0f,1f],start_interpolation:0}
execute if entity @s[tag=aj.banker.bone.torso] run data modify entity @s {} merge value {transformation:[-0.9968968525518882f,0.00015121738503929723f,-0.07871875574119179f,0f,-0.020216656973994225f,0.9659654207466554f,0.25787999670880446f,0.5f,0.07607859194894975f,0.2586711871373377f,-0.9629648305062992f,0f,0f,0f,0f,1f],start_interpolation:0}