execute if entity @s[tag=aj.banker.bone.lower_rightleg] run data modify entity @s {} merge value {transformation:[-0.9990935220246645f,-0.038626603331928994f,-0.017891890995334944f,-0.12183106547916005f,-0.01986473286702367f,0.05131017801952287f,0.9984851816725808f,0.14062297136087837f,-0.037650054933199284f,0.9979354944818039f,-0.05203097362998707f,0.12579700521103582f,0f,0f,0f,1f],start_interpolation:0}
execute if entity @s[tag=aj.banker.bone.rightleg] run data modify entity @s {} merge value {transformation:[-0.9990935220246645f,-0.007284939003619137f,0.04194119588262457f,-0.12456291760551723f,-0.01986473286702367f,0.9511825728654248f,-0.3079888073700611f,0.4973164361854127f,-0.037650054933199284f,-0.3085427729518623f,-0.9504650601798587f,0.010093465354087467f,0f,0f,0f,1f],start_interpolation:0}
execute if entity @s[tag=aj.banker.bone.lower_leftleg] run data modify entity @s {} merge value {transformation:[-0.9991092732689275f,-0.038389693206294026f,-0.017518319655781642f,0.1271824477247454f,-0.019050710091134643f,0.03992135070903413f,0.9990211990756701f,0.1446905745666821f,-0.03765276235628755f,0.9984650806177915f,-0.04061714261057764f,0.10152713181016179f,0f,0f,0f,1f],start_interpolation:0}
execute if entity @s[tag=aj.banker.bone.leftleg] run data modify entity @s {} merge value {transformation:[-0.9991092732689275f,-0.006985413651275162f,0.041615670896383516f,0.12456291760551723f,-0.019050710091134643f,0.9546479713277474f,-0.2971267764521397f,0.5026835638145873f,-0.03765276235628755f,-0.29765492577133135f,-0.9539307179512588f,-0.010093465354087467f,0f,0f,0f,1f],start_interpolation:0}
execute if entity @s[tag=aj.banker.bone.rightarm] run data modify entity @s {} merge value {transformation:[-0.9965033408441378f,-0.08168759373054676f,0.01755644374539514f,-0.37360433218966893f,-0.021468510516698326f,0.04726137356761961f,-0.9986518240231158f,1.0957060738252387f,0.08074772283269974f,-0.9955367896763108f,-0.048849827618103775f,0.19184388595113175f,0f,0f,0f,1f],start_interpolation:0}
execute if entity @s[tag=aj.banker.bone.leftarm] run data modify entity @s {} merge value {transformation:[-0.9965033408441378f,-0.081630402775004f,-0.017820466583754337f,0.3737731734434344f,-0.021468510516698326f,0.45627783786250165f,-0.889578348281766f,1.1118074567127625f,0.08074772283269974f,-0.886085217131124f,-0.4564348729435802f,0.13128309382660694f,0f,0f,0f,1f],start_interpolation:0}
execute if entity @s[tag=aj.banker.bone.hat] run data modify entity @s {} merge value {transformation:[-0.9965033408441378f,-0.02149459013960998f,-0.0807407844970698f,0.00010130475225929227f,-0.021468510516698326f,0.9997688153255445f,-0.0011912005505977374f,1.2245081183228006f,0.08074772283269974f,0.0005463490528157533f,-0.9967344213781553f,0.19387618786664323f,0f,0f,0f,1f],start_interpolation:0}
execute if entity @s[tag=aj.banker.bone.head] run data modify entity @s {} merge value {transformation:[-0.9965033408441378f,-0.02149459013960998f,-0.0807407844970698f,0.00010130475225929227f,-0.021468510516698326f,0.9997688153255445f,-0.0011912005505977374f,1.2245081183228006f,0.08074772283269974f,0.0005463490528157533f,-0.9967344213781553f,0.19387618786664323f,0f,0f,0f,1f],start_interpolation:0}
execute if entity @s[tag=aj.banker.bone.torso] run data modify entity @s {} merge value {transformation:[-0.9965033408441378f,0.0001350730030123897f,-0.08355281827536366f,0f,-0.021468510516698326f,0.9660108244304008f,0.2576085987297237f,0.5f,0.08074772283269974f,0.25850158382219096f,-0.9626301140203085f,0f,0f,0f,0f,1f],start_interpolation:0}