execute if entity @s[tag=aj.banker.bone.lower_rightleg] run data modify entity @s {} merge value {transformation:[-0.9999341063890183f,-0.011118490876269569f,0.0028569285307687626f,-0.12285470012737447f,0.0029711578665151533f,-0.01027089576120302f,0.9999428388268975f,0.1451750686626085f,-0.011088512115151161f,0.9998854373681502f,0.010303253766424186f,0.06206395570140348f,0f,0f,0f,1f],start_interpolation:0}
execute if entity @s[tag=aj.banker.bone.rightleg] run data modify entity @s {} merge value {transformation:[-0.9999341063890183f,0.00563725824330881f,0.010000209972488433f,-0.12074072828613366f,0.0029711578665151533f,0.9685289162689696f,-0.24888332722741247f,0.5083734122634721f,-0.011088512115151161f,-0.2488372152037417f,-0.9684818455855118f,-0.031249999999999653f,0f,0f,0f,1f],start_interpolation:0}
execute if entity @s[tag=aj.banker.bone.lower_leftleg] run data modify entity @s {} merge value {transformation:[-0.9999340966171786f,-0.011119313454774585f,0.002857147297822504f,0.11862659736549398f,0.002971378158321776f,-0.010270268794372095f,0.9999428446119967f,0.1284283028917817f,-0.011089334255365957f,0.9998854346609847f,0.010302631634051124f,0.12456418078880048f,0f,0f,0f,1f],start_interpolation:0}
execute if entity @s[tag=aj.banker.bone.leftleg] run data modify entity @s {} merge value {transformation:[-0.9999340966171786f,0.00563768245503915f,0.010000947901230628f,0.12074072828613366f,0.002971378158321776f,0.9685287595859898f,-0.24888393432816053f,0.4916265877365279f,-0.011089334255365957f,-0.24883781543680222f,-0.9684816819508839f,0.031249999999999653f,0f,0f,0f,1f],start_interpolation:0}
execute if entity @s[tag=aj.banker.bone.rightarm] run data modify entity @s {} merge value {transformation:[-0.9659258262890693f,0.22414386804200906f,0.12940952255126048f,-0.36222218485840235f,0.06698729810777679f,0.6994692640906423f,-0.7115163037378098f,1.1288238782210844f,-0.24999999999999722f,-0.678603179340962f,-0.6906502189881212f,0.06801190318907442f,0f,0f,0f,1f],start_interpolation:0}
execute if entity @s[tag=aj.banker.bone.leftarm] run data modify entity @s {} merge value {transformation:[-0.9659258262890693f,0.22414386804201133f,-0.12940952255125657f,0.3622221848583996f,0.06698729810777679f,-0.2664565621984268f,-0.9615163037378076f,1.078583404640252f,-0.24999999999999722f,-0.9374222244434796f,0.24236248290409979f,0.25551190318907235f,0f,0f,0f,1f],start_interpolation:0}
execute if entity @s[tag=aj.banker.bone.hat] run data modify entity @s {} merge value {transformation:[-0.9659258262890693f,0.0669872981077776f,0.24999999999999703f,-1.6526774875779597e-15f,0.06698729810777679f,0.9977174631678497f,-0.008518543427735503f,1.224444369716802f,-0.24999999999999722f,0.008518543427729286f,-0.9682083631212196f,0.19411428382688806f,0f,0f,0f,1f],start_interpolation:0}
execute if entity @s[tag=aj.banker.bone.head] run data modify entity @s {} merge value {transformation:[-0.9659258262890693f,0.0669872981077776f,0.24999999999999703f,-1.6526774875779597e-15f,0.06698729810777679f,0.9977174631678497f,-0.008518543427735503f,1.224444369716802f,-0.24999999999999722f,0.008518543427729286f,-0.9682083631212196f,0.19411428382688806f,0f,0f,0f,1f],start_interpolation:0}
execute if entity @s[tag=aj.banker.bone.torso] run data modify entity @s {} merge value {transformation:[-0.9659258262890693f,-2.2035699834372796e-15f,0.2588190451025171f,0f,0.06698729810777679f,0.9659258262890692f,0.24999999999999756f,0.5f,-0.24999999999999722f,0.2588190451025174f,-0.9330127018922211f,0f,0f,0f,0f,1f],start_interpolation:0}