execute if entity @s[tag=aj.banker.bone.lower_rightleg] run data modify entity @s {} merge value {transformation:[-0.998226100156797f,-0.05738104797905893f,-0.015876658923624932f,-0.12258936495977833f,-0.015421936885807456f,-0.008358790409873751f,0.9998461354056302f,0.14311887031671133f,-0.057504928731738736f,0.9983173573346849f,0.00745903585250185f,0.07149591385873202f,0f,0f,0f,1f],start_interpolation:0}
execute if entity @s[tag=aj.banker.bone.rightleg] run data modify entity @s {} merge value {transformation:[-0.998226100156797f,-0.00048436684459016166f,0.05953501788453619f,-0.12277100252649964f,-0.015421936885807456f,0.9679406186557106f,-0.2507052504816964f,0.5060966023126028f,-0.057504928731738736f,-0.2511786697654875f,-0.9662310588189544f,-0.02269608730332579f,0f,0f,0f,1f],start_interpolation:0}
execute if entity @s[tag=aj.banker.bone.lower_leftleg] run data modify entity @s {} merge value {transformation:[-0.9982463441874059f,-0.05715435528398572f,-0.015414797713601191f,0.12280734586170126f,-0.014194569685711107f,-0.021694568831055888f,0.9996638734468063f,0.12969735247769665f,-0.057469561577558614f,0.9981296135048326f,0.020845242545403125f,0.1120210855505774f,0f,0f,0f,1f],start_interpolation:0}
execute if entity @s[tag=aj.banker.bone.leftleg] run data modify entity @s {} merge value {transformation:[-0.9982463441874059f,-0.0000969155605376748f,0.059196511078385666f,0.12277100252649964f,-0.014194569685711107f,0.9712161205592017f,-0.2377767048248668f,0.49390339768739727f,-0.057469561577558614f,-0.2381999953260043f,-0.9695143174387755f,0.02269608730332579f,0f,0f,0f,1f],start_interpolation:0}
execute if entity @s[tag=aj.banker.bone.rightarm] run data modify entity @s {} merge value {transformation:[-0.9821680202119971f,0.18376831095405163f,0.03968863769318628f,-0.3682408740691003f,0.048772818500821866f,0.4529308992755292f,-0.890210544004589f,1.1219898887230464f,-0.1815686984266063f,-0.8724006008540776f,-0.45381714311065047f,0.09368690939036024f,0f,0f,0f,1f],start_interpolation:0}
execute if entity @s[tag=aj.banker.bone.leftarm] run data modify entity @s {} merge value {transformation:[-0.9821680202119971f,0.18371944393495115f,-0.03991423296367285f,0.36838514108989756f,0.048772818500821866f,0.043952835342259355f,-0.9978423524990617f,1.0854102748474297f,-0.1815686984266063f,-0.981995577477622f,-0.052129584364922016f,0.229863433210315f,0f,0f,0f,1f],start_interpolation:0}
execute if entity @s[tag=aj.banker.bone.hat] run data modify entity @s {} merge value {transformation:[-0.9821680202119971f,0.0487708152646673f,0.1815692365222306f,0.00008656021247835342f,0.048772818500821866f,0.9987999552926767f,-0.004456622356985684f,1.2244400981422856f,-0.1815686984266063f,0.00447849146103832f,-0.9833680647986803f,0.1941302055604051f,0f,0f,0f,1f],start_interpolation:0}
execute if entity @s[tag=aj.banker.bone.head] run data modify entity @s {} merge value {transformation:[-0.9821680202119971f,0.0487708152646673f,0.1815692365222306f,0.00008656021247835342f,0.048772818500821866f,0.9987999552926767f,-0.004456622356985684f,1.2244400981422856f,-0.1815686984266063f,0.00447849146103832f,-0.9833680647986803f,0.1941302055604051f,0f,0f,0f,1f],start_interpolation:0}
execute if entity @s[tag=aj.banker.bone.torso] run data modify entity @s {} merge value {transformation:[-0.9821680202119971f,0.00011541361663780455f,0.1880052306520835f,0f,0.048772818500821866f,0.9659201308563808f,0.25420368404466126f,0.5f,-0.1815686984266063f,0.25884027408054017f,-0.9487014916535016f,0f,0f,0f,0f,1f],start_interpolation:0}