execute if entity @s[tag=aj.banker.bone.lower_rightleg] run data modify entity @s {} merge value {transformation:[-0.9977004778163118f,-0.06005725311120176f,-0.03141469264277831f,-0.11838138809933514f,-0.03432580826078901f,0.04807138527213209f,0.9982539159979598f,0.13886267538511843f,-0.05844224030910117f,0.9970367436893964f,-0.050022357810262985f,0.13064410002697566f,0f,0f,0f,1f],start_interpolation:0}
execute if entity @s[tag=aj.banker.bone.rightleg] run data modify entity @s {} merge value {transformation:[-0.9977004778163118f,-0.01480030204687112f,0.06614157258808234f,-0.1239315013669118f,-0.03432580826078901f,0.9517974486237388f,-0.3048005178482882f,0.49578671861902046f,-0.05844224030910117f,-0.306369985234622f,-0.9501168016065134f,0.015755355563992417f,0f,0f,0f,1f],start_interpolation:0}
execute if entity @s[tag=aj.banker.bone.lower_leftleg] run data modify entity @s {} merge value {transformation:[-0.9977537206406673f,-0.059458025446210726f,-0.030858648021953882f,0.1293383622615742f,-0.03274750003373955f,0.031059541060479978f,0.9989809338273942f,0.145374775182609f,-0.05843897833847979f,0.9977474871525109f,-0.032936874344791506f,0.09301363047792922f,0f,0f,0f,1f],start_interpolation:0}
execute if entity @s[tag=aj.banker.bone.leftleg] run data modify entity @s {} merge value {transformation:[-0.9977537206406673f,-0.014418295719099687f,0.06541884817284443f,0.1239315013669118f,-0.03274750003373955f,0.9569026831956547f,-0.288556504231834f,0.5042132813809795f,-0.05843897833847979f,-0.2900506294451244f,-0.9552253755890501f,-0.015755355563992417f,0f,0f,0f,1f],start_interpolation:0}
execute if entity @s[tag=aj.banker.bone.rightarm] run data modify entity @s {} merge value {transformation:[-0.9914520109352944f,-0.13047186254804347f,-0.00005563816257363608f,-0.37175973024912695f,-0.03370625104783635f,0.2565447683725632f,-0.9659444448108638f,1.0910754338638513f,0.12604284451193934f,-0.957685686905632f,-0.25874954385163024f,0.20898453159924602f,0f,0f,0f,1f],start_interpolation:0}
execute if entity @s[tag=aj.banker.bone.leftarm] run data modify entity @s {} merge value {transformation:[-0.9914520109352944f,-0.13047186254804347f,-0.00005563816257363608f,0.37182927795234394f,-0.03370625104783635f,0.2565447683725632f,-0.9659444448108638f,1.1163551221497285f,0.12604284451193934f,-0.957685686905632f,-0.25874954385163024f,0.11445239821529152f,0f,0f,0f,1f],start_interpolation:0}
execute if entity @s[tag=aj.banker.bone.hat] run data modify entity @s {} merge value {transformation:[-0.9914520109352944f,-0.03371486053927483f,-0.1260405418553012f,0.00004172862193020533f,-0.03370625104783635f,0.9994293579795033f,-0.002201601457626823f,1.224458333608148f,0.12604284451193934f,0.002065571953537876f,-0.9920226483099285f,0.1940621578887225f,0f,0f,0f,1f],start_interpolation:0}
execute if entity @s[tag=aj.banker.bone.head] run data modify entity @s {} merge value {transformation:[-0.9914520109352944f,-0.03371486053927483f,-0.1260405418553012f,0.00004172862193020533f,-0.03370625104783635f,0.9994293579795033f,-0.002201601457626823f,1.224458333608148f,0.12604284451193934f,0.002065571953537876f,-0.9920226483099285f,0.1940621578887225f,0f,0f,0f,1f],start_interpolation:0}
execute if entity @s[tag=aj.banker.bone.torso] run data modify entity @s {} merge value {transformation:[-0.9914520109352944f,0.00005563816257360711f,-0.13047186254804347f,0f,-0.03370625104783635f,0.965944444810864f,0.25654476837256296f,0.5f,0.12604284451193934f,0.25874954385163f,-0.9576856869056322f,0f,0f,0f,0f,1f],start_interpolation:0}