execute if entity @s[tag=aj.banker.bone.lower_rightleg] run data modify entity @s {} merge value {transformation:[-0.9999857667411317f,0.004844297884821801f,0.002235865191342591f,-0.12533970612815357f,0.0024521924025092973f,0.045120290929488965f,0.9989785513707786f,0.1425211642721062f,0.004738466795475313f,0.9989698154220883f,-0.045131527871176635f,0.11330443594207969f,0f,0f,0f,1f],start_interpolation:0}
execute if entity @s[tag=aj.banker.bone.rightleg] run data modify entity @s {} merge value {transformation:[-0.9999857667411317f,0.0009058833796768188f,-0.005257916930988138f,-0.12499999986077476f,0.0024521924025092973f,0.9532611920647576f,-0.3021375290421542f,0.4999941112963903f,0.004738466795475313f,-0.3021461220644407f,-0.9532498454517829f,-3.598320855743779e-7f,0f,0f,0f,1f],start_interpolation:0}
execute if entity @s[tag=aj.banker.bone.lower_leftleg] run data modify entity @s {} merge value {transformation:[-0.9999860502990426f,0.004841772999772076f,0.0021110285500567944f,0.12470526713622629f,0.002333448300042828f,0.04640176861904846f,0.998920132386997f,0.1426784788932427f,0.004738589067592169f,0.9989111237258514f,-0.04641241935522766f,0.11376342646987951f,0f,0f,0f,1f],start_interpolation:0}
execute if entity @s[tag=aj.banker.bone.leftleg] run data modify entity @s {} merge value {transformation:[-0.9999860502990426f,0.0007859539321292469f,-0.005223167979018802f,0.12499999986077476f,0.002333448300042828f,0.9528730928276452f,-0.3033602214927147f,0.5000058887036096f,0.004738589067592169f,-0.30336817770078384f,-0.952861634515817f,3.598320855743779e-7f,0f,0f,0f,1f],start_interpolation:0}
execute if entity @s[tag=aj.banker.bone.rightarm] run data modify entity @s {} merge value {transformation:[-0.9999999988861981f,0.000010591994693316735f,0.00004599362396780651f,-0.37502890831468616f,-0.000047109628877411794f,-0.16456476052097788f,-0.9863662795206232f,1.1037635650600657f,-0.0000028786566845950233f,-0.986366280588749f,0.16456476083667024f,0.16147097396824817f,0f,0f,0f,1f],start_interpolation:0}
execute if entity @s[tag=aj.banker.bone.leftarm] run data modify entity @s {} merge value {transformation:[-0.9999999988861981f,-0.000027688784452915782f,0.000038222179592419963f,0.3749710908499624f,-0.000047109628877411794f,0.6349589153620067f,-0.7725459038678459f,1.1037988972817236f,-0.0000028786566845950233f,-0.7725459048080154f,-0.6349589159591966f,0.1614731329607616f,0f,0f,0f,1f],start_interpolation:0}
execute if entity @s[tag=aj.banker.bone.hat] run data modify entity @s {} merge value {transformation:[-0.9999999988861981f,-0.000047108241439057613f,0.00000290127313341752f,-0.00003469047883426453f,-0.000047109628877411794f,0.9999998836479906f,-0.0004800882088284997f,1.2245374774050735f,-0.0000028786566845950233f,-0.00048008834497159647f,-0.9999998847534406f,0.19376646415740584f,0f,0f,0f,1f],start_interpolation:0}
execute if entity @s[tag=aj.banker.bone.head] run data modify entity @s {} merge value {transformation:[-0.9999999988861981f,-0.000047108241439057613f,0.00000290127313341752f,-0.00003469047883426453f,-0.000047109628877411794f,0.9999998836479906f,-0.0004800882088284997f,1.2245374774050735f,-0.0000028786566845950233f,-0.00048008834497159647f,-0.9999998847534406f,0.19376646415740584f,0f,0f,0f,1f],start_interpolation:0}
execute if entity @s[tag=aj.banker.bone.torso] run data modify entity @s {} merge value {transformation:[-0.9999999988861981f,-0.000046253971779019375f,-0.000009390095417029297f,0f,-0.000047109628877411794f,0.9660499698734314f,0.2583552853886005f,0.5f,-0.0000028786566845950233f,0.2583552855432078f,-0.9660499709764505f,0f,0f,0f,0f,1f],start_interpolation:0}