execute if entity @s[tag=aj.banker.bone.lower_rightleg] run data modify entity @s {} merge value {transformation:[-0.9943234591812378f,-0.07289168717307895f,-0.07750909922660229f,-0.09804369408975777f,-0.07950311719448182f,0.024860067021600152f,0.9965245764275168f,0.131534982592252f,-0.07071147628368246f,0.9970299789919777f,-0.030514064184219702f,0.14463338770983442f,0f,0f,0f,1f],start_interpolation:0}
execute if entity @s[tag=aj.banker.bone.rightleg] run data modify entity @s {} merge value {transformation:[-0.9943234591812378f,-0.05600228384532925f,0.0904687942108463f,-0.11904455053175624f,-0.07950311719448182f,0.9561345660953977f,-0.2819325200716046f,0.49008544487802613f,-0.07071147628368246f,-0.2875246697618701f,-0.9551593853384417f,0.03681163654913315f,0f,0f,0f,1f],start_interpolation:0}
execute if entity @s[tag=aj.banker.bone.lower_leftleg] run data modify entity @s {} merge value {transformation:[-0.9946909403219028f,-0.0714681830704938f,-0.07404209647309752f,0.1389277429011691f,-0.07483435104144848f,0.008468561228661992f,0.997160018941254f,0.14954300875660176f,-0.07063818475678985f,0.9974069291313946f,-0.013771876231903235f,0.06498230841534573f,0f,0f,0f,1f],start_interpolation:0}
execute if entity @s[tag=aj.banker.bone.leftleg] run data modify entity @s {} merge value {transformation:[-0.9946909403219028f,-0.05302184631843429f,0.08819646849230095f,0.11904455053175624f,-0.07483435104144848f,0.9609907903076591f,-0.26626400591906174f,0.5099145551219739f,-0.07063818475678985f,-0.271450519905277f,-0.9598566883120733f,-0.03681163654913315f,0f,0f,0f,1f],start_interpolation:0}
execute if entity @s[tag=aj.banker.bone.rightarm] run data modify entity @s {} merge value {transformation:[-0.9523564042540499f,-0.2641860582099687f,-0.15239096404897373f,-0.35720776592737624f,-0.07931644097579099f,0.6970107764350085f,-0.7126604238516409f,1.0738109718495852f,0.2944930923930652f,-0.6666196098082815f,-0.684756974664606f,0.27275186625614023f,0f,0f,0f,1f],start_interpolation:0}
execute if entity @s[tag=aj.banker.bone.leftarm] run data modify entity @s {} merge value {transformation:[-0.9523564042540499f,-0.2640674752785968f,0.1525963557110205f,0.3570595372631612f,-0.07931644097579099f,-0.268676643109802f,-0.9599592510300539f,1.1332983025814283f,0.2944930923930652f,-0.9263267403822669f,0.23493102942253874f,0.05188204696134134f,0f,0f,0f,1f],start_interpolation:0}
execute if entity @s[tag=aj.banker.bone.hat] run data modify entity @s {} merge value {transformation:[-0.9523564042540499f,-0.0790510691846282f,-0.29456443732579757f,-0.0000889371985290442f,-0.07931644097579099f,0.9967880649660696f,-0.011065971811479308f,1.224265564658608f,0.2944930923930652f,0.012825053682761628f,-0.9555675468174941f,0.19478034793048893f,0f,0f,0f,1f],start_interpolation:0}
execute if entity @s[tag=aj.banker.bone.head] run data modify entity @s {} merge value {transformation:[-0.9523564042540499f,-0.0790510691846282f,-0.29456443732579757f,-0.0000889371985290442f,-0.07931644097579099f,0.9967880649660696f,-0.011065971811479308f,1.224265564658608f,0.2944930923930652f,0.012825053682761628f,-0.9555675468174941f,0.19478034793048893f,0f,0f,0f,1f],start_interpolation:0}
execute if entity @s[tag=aj.banker.bone.torso] run data modify entity @s {} merge value {transformation:[-0.9523564042540499f,-0.00011858293137205894f,-0.30498731975999427f,0f,-0.07931644097579099f,0.9656874195448107f,0.24729882717841284f,0.5f,0.2944930923930652f,0.25970713057398526f,-0.919688004087145f,0f,0f,0f,0f,1f],start_interpolation:0}