execute if entity @s[tag=aj.banker.bone.lower_rightleg] run data modify entity @s {} merge value {transformation:[-0.9998199690162459f,-0.01851386517656006f,-0.004155280084076936f,-0.12517270954045132f,-0.004669081751681285f,0.02779602903681891f,0.9996027113035361f,0.14203401274521188f,-0.018391009541324443f,0.9994421531864706f,-0.02787746764041593f,0.10183303614056254f,0f,0f,0f,1f],start_interpolation:0}
execute if entity @s[tag=aj.banker.bone.rightleg] run data modify entity @s {} merge value {transformation:[-0.9998199690162459f,0.0007780485574795624f,0.018958486141967497f,-0.12488094133139648f,-0.004669081751681285f,0.9583479331837097f,-0.28556512153641617f,0.501414487689103f,-0.018391009541324443f,-0.28560222968834503f,-0.9581717680901982f,-0.005267799992566847f,0f,0f,0f,1f],start_interpolation:0}
execute if entity @s[tag=aj.banker.bone.lower_leftleg] run data modify entity @s {} merge value {transformation:[-0.9998221596763879f,-0.0184666682164576f,-0.003825073205389857f,0.12447414566734288f,-0.004257293050566822f,0.02342311225200655f,0.9997165764697071f,0.13873937007277692f,-0.018371839209096963f,0.9995550710078025f,-0.023497564696408707f,0.1107930975928598f,0f,0f,0f,1f],start_interpolation:0}
execute if entity @s[tag=aj.banker.bone.leftleg] run data modify entity @s {} merge value {transformation:[-0.9998221596763879f,0.0010847884374762529f,0.01882743355025412f,0.12488094133139648f,-0.004257293050566822f,0.9595897126349868f,-0.28137067875133176f,0.498585512310897f,-0.018371839209096963f,-0.2814007936007812f,-0.9594144406276808f,0.005267799992566847f,0f,0f,0f,1f],start_interpolation:0}
execute if entity @s[tag=aj.banker.bone.rightarm] run data modify entity @s {} merge value {transformation:[-0.9990475306511718f,0.039713894843816204f,-0.0180786630072645f,-0.3746277557280715f,0.01131590151282431f,-0.16433959335802242f,-0.9863389115450492f,1.107950887127223f,-0.04214239994053478f,-0.9856040303343196f,0.16373366640980677f,0.14594438488469225f,0f,0f,0f,1f],start_interpolation:0}
execute if entity @s[tag=aj.banker.bone.leftarm] run data modify entity @s {} merge value {transformation:[-0.9990475306511718f,0.039733848156197946f,0.018034766715877698f,0.3746578922603073f,0.01131590151282431f,0.6350863475679435f,-0.7723582598158456f,1.0994639609926047f,-0.04214239994053478f,-0.7714185326030931f,-0.6349310716004868f,0.1775511848400933f,0f,0f,0f,1f],start_interpolation:0}
execute if entity @s[tag=aj.banker.bone.hat] run data modify entity @s {} merge value {transformation:[-0.9990475306511718f,0.011316909230990541f,0.04214212933933745f,0.000018081919341512157f,0.01131590151282431f,0.9999359386908768f,-0.00026246399183882385f,1.2244489088718964f,-0.04214239994053478f,0.00021466218221316558f,-0.9991115913887695f,0.19409734183487135f,0f,0f,0f,1f],start_interpolation:0}
execute if entity @s[tag=aj.banker.bone.head] run data modify entity @s {} merge value {transformation:[-0.9990475306511718f,0.011316909230990541f,0.04214212933933745f,0.000018081919341512157f,0.01131590151282431f,0.9999359386908768f,-0.00026246399183882385f,1.2244489088718964f,-0.04214239994053478f,0.00021466218221316558f,-0.9991115913887695f,0.19409734183487135f,0f,0f,0f,1f],start_interpolation:0}
execute if entity @s[tag=aj.banker.bone.torso] run data modify entity @s {} merge value {transformation:[-0.9990475306511718f,0.000024109225788682878f,0.043635202744357185f,0f,0.01131590151282431f,0.9659318784958619f,0.2585489440674774f,0.5f,-0.04214239994053478f,0.25879645577982846f,-0.9650121308061631f,0f,0f,0f,0f,1f],start_interpolation:0}