execute if entity @s[tag=aj.banker.bone.lower_rightleg] run data modify entity @s {} merge value {transformation:[-1f,-1.2246467991473532e-16f,-1.232595164407831e-32f,-0.125f,0f,0f,1f,0.13777781514159937f,-1.2246467991473532e-16f,1f,0f,0.09705714191344526f,0f,0f,0f,1f],start_interpolation:0}
execute if entity @s[tag=aj.banker.bone.rightleg] run data modify entity @s {} merge value {transformation:[-1f,3.169619151431764e-17f,1.1829179713786698e-16f,-0.125f,0f,0.9659258262890683f,-0.25881904510252074f,0.5f,-1.2246467991473532e-16f,-0.25881904510252074f,-0.9659258262890683f,-1.5308084989341915e-17f,0f,0f,0f,1f],start_interpolation:0}
execute if entity @s[tag=aj.banker.bone.lower_leftleg] run data modify entity @s {} merge value {transformation:[-1f,-1.2246467991473532e-16f,-1.232595164407831e-32f,0.12499999999999999f,0f,0f,1f,0.13777781514159937f,-1.2246467991473532e-16f,1f,0f,0.09705714191344529f,0f,0f,0f,1f],start_interpolation:0}
execute if entity @s[tag=aj.banker.bone.leftleg] run data modify entity @s {} merge value {transformation:[-1f,3.169619151431764e-17f,1.1829179713786698e-16f,0.125f,0f,0.9659258262890683f,-0.25881904510252074f,0.5f,-1.2246467991473532e-16f,-0.25881904510252074f,-0.9659258262890683f,1.5308084989341915e-17f,0f,0f,0f,1f],start_interpolation:0}
execute if entity @s[tag=aj.banker.bone.rightarm] run data modify entity @s {} merge value {transformation:[-1f,1.1829179713786698e-16f,3.1696191514317674e-17f,-0.375f,0f,0.25881904510252096f,-0.9659258262890682f,1.1037036414306676f,-1.2246467991473532e-16f,-0.9659258262890682f,-0.25881904510252096f,0.1617619031890754f,0f,0f,0f,1f],start_interpolation:0}
execute if entity @s[tag=aj.banker.bone.leftarm] run data modify entity @s {} merge value {transformation:[-1f,1.1829179713786698e-16f,3.1696191514317674e-17f,0.375f,0f,0.25881904510252096f,-0.9659258262890682f,1.1037036414306676f,-1.2246467991473532e-16f,-0.9659258262890682f,-0.25881904510252096f,0.16176190318907552f,0f,0f,0f,1f],start_interpolation:0}
execute if entity @s[tag=aj.banker.bone.hat] run data modify entity @s {} merge value {transformation:[-1f,0f,1.2246467991473532e-16f,-2.3772143635738236e-17f,0f,1f,0f,1.2244443697168013f,-1.2246467991473532e-16f,0f,-1f,0.19411428382689055f,0f,0f,0f,1f],start_interpolation:0}
execute if entity @s[tag=aj.banker.bone.head] run data modify entity @s {} merge value {transformation:[-1f,0f,1.2246467991473532e-16f,-2.3772143635738236e-17f,0f,1f,0f,1.2244443697168013f,-1.2246467991473532e-16f,0f,-1f,0.19411428382689055f,0f,0f,0f,1f],start_interpolation:0}
execute if entity @s[tag=aj.banker.bone.torso] run data modify entity @s {} merge value {transformation:[-1f,-3.169619151431765e-17f,1.1829179713786698e-16f,0f,0f,0.9659258262890683f,0.25881904510252074f,0.5f,-1.2246467991473532e-16f,0.25881904510252074f,-0.9659258262890683f,0f,0f,0f,0f,1f],start_interpolation:0}