# This file was generated by Animated Java via MC-Build. It is not recommended to edit this file directly.
$data merge entity $(bone_lowerrightleg) {transformation: [-0.9916f,0.1217f,0.0443f,-0.1735f,0.1276f,0.9771f,0.1703f,0.358f,-0.0226f,0.1745f,-0.9844f,0.0648f,0f,0f,0f,1f],start_interpolation: 0,interpolation_duration: 1}
$data merge entity $(bone_rightleg) {transformation: [-0.9916f,0.1295f,0f,-0.1249f,0.1276f,0.9764f,-0.1741f,0.7242f,-0.0226f,-0.1727f,-0.9847f,0f,0f,0f,0f,1f],start_interpolation: 0,interpolation_duration: 1}
$data merge entity $(bone_lowerleftleg) {transformation: [-0.9989f,-0.0361f,-0.0293f,0.1414f,-0.0407f,0.984f,0.1735f,0.3443f,0.0226f,0.1745f,-0.9844f,0.0648f,0f,0f,0f,1f],start_interpolation: 0,interpolation_duration: 1}
$data merge entity $(bone_leftleg) {transformation: [-0.9989f,-0.0439f,-0.0152f,0.1249f,-0.0407f,0.984f,-0.1735f,0.7133f,0.0226f,-0.1727f,-0.9847f,0f,0f,0f,0f,1f],start_interpolation: 0,interpolation_duration: 1}
$data merge entity $(block_display_tingle_pen) {transformation: [0.3686f,0f,-0.3378f,-0.7428f,0.3378f,0f,0.3686f,1.421f,0f,-1f,0f,0.1875f,0f,0f,0f,1f],start_interpolation: 0,interpolation_duration: 1}
$data merge entity $(bone_rightarm) {transformation: [0.7373f,0.6756f,0f,-0.3474f,0.6756f,-0.7373f,0f,1.3595f,0f,0f,-1f,0f,0f,0f,0f,1f],start_interpolation: 0,interpolation_duration: 1}
$data merge entity $(item_display_tingle_book) {transformation: [0.4995f,0f,-0.0218f,0.9049f,-0.0218f,0f,-0.4995f,1.703f,0f,0.5f,0f,0.3125f,0f,0f,0f,1f],start_interpolation: 0,interpolation_duration: 1}
$data merge entity $(bone_leftarm) {transformation: [0.6756f,-0.7373f,0f,0.4019f,-0.7373f,-0.6756f,0f,1.3268f,0f,0f,-1f,0f,0f,0f,0f,1f],start_interpolation: 0,interpolation_duration: 1}
$data merge entity $(bone_head) {transformation: [-1f,0f,0f,0.0327f,0f,1f,0f,1.468f,0f,0f,-1f,0f,0f,0f,0f,1f],start_interpolation: 0,interpolation_duration: 1}
$data merge entity $(item_display_tingles_pack) {transformation: [-0.4995f,0.0218f,0f,0.0218f,0.0218f,0.4995f,0f,1.2183f,0f,0f,-0.25f,-0.25f,0f,0f,0f,1f],start_interpolation: 0,interpolation_duration: 1}
$data merge entity $(item_display_tingles_ballon_small) {transformation: [0f,0f,0f,0.0518f,0f,0f,0f,1.9051f,0f,0f,0f,-0.75f,0f,0f,0f,1f],start_interpolation: 0,interpolation_duration: 1}
$data merge entity $(item_display_tingles_ballon_big) {transformation: [0f,0f,0f,0.0791f,0f,0f,0f,2.5295f,0f,0f,0f,-1.2812f,0f,0f,0f,1f],start_interpolation: 0,interpolation_duration: 1}
$data merge entity $(bone_torso) {transformation: [-0.999f,0.0436f,0f,0f,0.0436f,0.999f,0f,0.7188f,0f,0f,-1f,0f,0f,0f,0f,1f],start_interpolation: 0,interpolation_duration: 1}
data modify entity @s data merge value {"cameras":{},"locators":{"sounds":{"px":0,"py":0,"pz":0,"ry":0,"rx":0}}}