# This file was generated by Animated Java via MC-Build. It is not recommended to edit this file directly.
$data merge entity $(bone_lowerrightleg) {transformation: [-0.9962f,0.0872f,0f,-0.1552f,0.0872f,0.9962f,0f,0.3736f,0f,0f,-1f,0.1435f,0f,0f,0f,1f],start_interpolation: 0,interpolation_duration: 1}
$data merge entity $(bone_rightleg) {transformation: [-0.9962f,0.0805f,-0.0334f,-0.125f,0.0872f,0.9204f,-0.3812f,0.7188f,0f,-0.3827f,-0.9239f,0f,0f,0f,0f,1f],start_interpolation: 0,interpolation_duration: 1}
$data merge entity $(bone_lowerleftleg) {transformation: [-0.9962f,-0.0872f,0f,0.1552f,-0.0872f,0.9962f,0f,0.3736f,0f,0f,-1f,0.1435f,0f,0f,0f,1f],start_interpolation: 0,interpolation_duration: 1}
$data merge entity $(bone_leftleg) {transformation: [-0.9962f,-0.0805f,0.0334f,0.125f,-0.0872f,0.9204f,-0.3812f,0.7188f,0f,-0.3827f,-0.9239f,0f,0f,0f,0f,1f],start_interpolation: 0,interpolation_duration: 1}
$data merge entity $(block_display_tingle_pen) {transformation: [0f,0f,-0.5f,-0.6875f,0.483f,0.2588f,0f,1.0324f,0.1294f,-0.9659f,0f,0.2782f,0f,0f,0f,1f],start_interpolation: 0,interpolation_duration: 1}
$data merge entity $(bone_rightarm) {transformation: [0f,1f,0f,-0.375f,0.9659f,0f,0.2588f,1.3225f,0.2588f,0f,-0.9659f,0.1618f,0f,0f,0f,1f],start_interpolation: 0,interpolation_duration: 1}
$data merge entity $(item_display_tingle_book) {transformation: [0.3536f,0f,-0.3536f,1f,-0.3415f,-0.1294f,-0.3415f,1.1812f,-0.0915f,0.483f,-0.0915f,0.4474f,0f,0f,0f,1f],start_interpolation: 0,interpolation_duration: 1}
$data merge entity $(bone_leftarm) {transformation: [0f,-1f,0f,0.375f,-0.9659f,0f,0.2588f,1.3225f,-0.2588f,0f,-0.9659f,0.1618f,0f,0f,0f,1f],start_interpolation: 0,interpolation_duration: 1}
$data merge entity $(bone_head) {transformation: [-1f,0f,0f,0f,0f,1f,0f,1.4432f,0f,0f,-1f,0.1941f,0f,0f,0f,1f],start_interpolation: 0,interpolation_duration: 1}
$data merge entity $(item_display_tingles_pack) {transformation: [-0.5f,0f,0f,0f,0f,0.483f,0.0647f,1.2664f,0f,0.1294f,-0.2415f,-0.1121f,0f,0f,0f,1f],start_interpolation: 0,interpolation_duration: 1}
$data merge entity $(item_display_tingles_ballon_small) {transformation: [0f,0f,0f,0f,0f,0f,0f,2.0599f,0f,0f,0f,-0.4171f,0f,0f,0f,1f],start_interpolation: 0,interpolation_duration: 1}
$data merge entity $(item_display_tingles_ballon_big) {transformation: [0f,0f,0f,0f,0f,0f,0f,2.8011f,0f,0f,0f,-0.7685f,0f,0f,0f,1f],start_interpolation: 0,interpolation_duration: 1}
$data merge entity $(bone_torso) {transformation: [-1f,0f,0f,0f,0f,0.9659f,0.2588f,0.7188f,0f,0.2588f,-0.9659f,0f,0f,0f,0f,1f],start_interpolation: 0,interpolation_duration: 1}