# This file was generated by Animated Java via MC-Build. It is not recommended to edit this file directly.
$data merge entity $(bone_lowerrightleg) {transformation: [-0.9969f,0.0782f,0.0018f,-0.1531f,0.0782f,0.9969f,0f,0.3699f,-0.0018f,0.0001f,-1f,0.1158f,0f,0f,0f,1f],start_interpolation: 0,interpolation_duration: 1}
$data merge entity $(bone_rightleg) {transformation: [-0.9969f,0.0749f,-0.0224f,-0.125f,0.0782f,0.9481f,-0.3081f,0.7255f,-0.0018f,-0.3089f,-0.9511f,0f,0f,0f,0f,1f],start_interpolation: 0,interpolation_duration: 1}
$data merge entity $(bone_lowerleftleg) {transformation: [-0.9969f,-0.0782f,-0.0018f,0.1531f,-0.0782f,0.9969f,0f,0.3699f,0.0018f,0.0001f,-1f,0.1158f,0f,0f,0f,1f],start_interpolation: 0,interpolation_duration: 1}
$data merge entity $(bone_leftleg) {transformation: [-0.9969f,-0.0749f,0.0224f,0.125f,-0.0782f,0.9481f,-0.3081f,0.7255f,0.0018f,-0.3089f,-0.9511f,0f,0f,0f,0f,1f],start_interpolation: 0,interpolation_duration: 1}
$data merge entity $(block_display_tingle_pen) {transformation: [-0.1378f,0f,-0.4806f,-0.6065f,0.4701f,0.2079f,-0.1348f,0.9785f,0.0999f,-0.9781f,-0.0287f,0.2455f,0f,0f,0f,1f],start_interpolation: 0,interpolation_duration: 1}
$data merge entity $(bone_rightarm) {transformation: [-0.2756f,0.9613f,0f,-0.375f,0.9403f,0.2696f,0.2079f,1.3368f,0.1999f,0.0573f,-0.9781f,0.1299f,0f,0f,0f,1f],start_interpolation: 0,interpolation_duration: 1}
$data merge entity $(item_display_tingle_book) {transformation: [0.2424f,0f,-0.4373f,0.9586f,-0.4278f,-0.104f,-0.2371f,1.0446f,-0.0909f,0.4891f,-0.0504f,0.3873f,0f,0f,0f,1f],start_interpolation: 0,interpolation_duration: 1}
$data merge entity $(bone_leftarm) {transformation: [-0.2756f,-0.9613f,0f,0.375f,-0.9403f,0.2696f,0.2079f,1.3368f,-0.1999f,0.0573f,-0.9781f,0.1299f,0f,0f,0f,1f],start_interpolation: 0,interpolation_duration: 1}
$data merge entity $(bone_head) {transformation: [-1f,0f,0f,0f,0f,1f,0f,1.4591f,0f,0f,-1f,0.1559f,0f,0f,0f,1f],start_interpolation: 0,interpolation_duration: 1}
$data merge entity $(item_display_tingles_pack) {transformation: [-0.5f,0f,0f,0f,0f,0.4891f,0.052f,1.2666f,0f,0.104f,-0.2445f,-0.1406f,0f,0f,0f,1f],start_interpolation: 0,interpolation_duration: 1}
$data merge entity $(item_display_tingles_ballon_small) {transformation: [0f,0f,0f,0f,0f,0f,0f,2.043f,0f,0f,0f,-0.4867f,0f,0f,0f,1f],start_interpolation: 0,interpolation_duration: 1}
$data merge entity $(item_display_tingles_ballon_big) {transformation: [0f,0f,0f,0f,0f,0f,0f,2.7648f,0f,0f,0f,-0.8764f,0f,0f,0f,1f],start_interpolation: 0,interpolation_duration: 1}
$data merge entity $(bone_torso) {transformation: [-1f,0f,0f,0f,0f,0.9781f,0.2079f,0.7255f,0f,0.2079f,-0.9781f,0f,0f,0f,0f,1f],start_interpolation: 0,interpolation_duration: 1}