# This file was generated by Animated Java via MC-Build. It is not recommended to edit this file directly.
$data merge entity $(bone_lowerrightleg) {transformation: [-0.9976f,0.0693f,0.0027f,-0.1505f,0.0693f,0.9976f,0f,0.369f,-0.0027f,0.0002f,-1f,0.0875f,0f,0f,0f,1f],start_interpolation: 0,interpolation_duration: 1}
$data merge entity $(bone_rightleg) {transformation: [-0.9976f,0.068f,-0.0135f,-0.125f,0.0693f,0.97f,-0.2329f,0.7328f,-0.0027f,-0.2332f,-0.9724f,0f,0f,0f,0f,1f],start_interpolation: 0,interpolation_duration: 1}
$data merge entity $(bone_lowerleftleg) {transformation: [-0.9976f,-0.0693f,-0.0027f,0.1505f,-0.0693f,0.9976f,0f,0.369f,0.0027f,0.0002f,-1f,0.0875f,0f,0f,0f,1f],start_interpolation: 0,interpolation_duration: 1}
$data merge entity $(bone_leftleg) {transformation: [-0.9976f,-0.068f,0.0135f,0.125f,-0.0693f,0.97f,-0.2329f,0.7328f,0.0027f,-0.2332f,-0.9724f,0f,0f,0f,0f,1f],start_interpolation: 0,interpolation_duration: 1}
$data merge entity $(block_display_tingle_pen) {transformation: [-0.265f,0f,-0.424f,-0.5075f,0.4188f,0.1564f,-0.2617f,0.9478f,0.0663f,-0.9877f,-0.0414f,0.2239f,0f,0f,0f,1f],start_interpolation: 0,interpolation_duration: 1}
$data merge entity $(bone_rightarm) {transformation: [-0.5299f,0.848f,0f,-0.375f,0.8376f,0.5234f,0.1564f,1.3501f,0.1327f,0.0829f,-0.9877f,0.0978f,0f,0f,0f,1f],start_interpolation: 0,interpolation_duration: 1}
$data merge entity $(item_display_tingle_book) {transformation: [0.1125f,0f,-0.4872f,0.8719f,-0.4812f,-0.0782f,-0.1111f,0.9217f,-0.0762f,0.4938f,-0.0176f,0.3463f,0f,0f,0f,1f],start_interpolation: 0,interpolation_duration: 1}
$data merge entity $(bone_leftarm) {transformation: [-0.5299f,-0.848f,0f,0.375f,-0.8376f,0.5234f,0.1564f,1.3501f,-0.1327f,0.0829f,-0.9877f,0.0978f,0f,0f,0f,1f],start_interpolation: 0,interpolation_duration: 1}
$data merge entity $(bone_misc_head_items) {transformation: [-1f,0f,0f,0f,0f,1f,0f,1.4735f,0f,0f,-1f,0.1173f,0f,0f,0f,1f],start_interpolation: 0,interpolation_duration: 1}
$data merge entity $(bone_head) {transformation: [-1f,0f,0f,0f,0f,1f,0f,1.4735f,0f,0f,-1f,0.1173f,0f,0f,0f,1f],start_interpolation: 0,interpolation_duration: 1}
$data merge entity $(item_display_tingles_pack) {transformation: [-0.5f,0f,0f,0f,0f,0.4938f,0.0391f,1.2657f,0f,0.0782f,-0.2469f,-0.1687f,0f,0f,0f,1f],start_interpolation: 0,interpolation_duration: 1}
$data merge entity $(item_display_tingles_ballon_small) {transformation: [0f,0f,0f,0f,0f,0f,0f,2.023f,0f,0f,0f,-0.555f,0f,0f,0f,1f],start_interpolation: 0,interpolation_duration: 1}
$data merge entity $(item_display_tingles_ballon_big) {transformation: [0f,0f,0f,0f,0f,0f,0f,2.7234f,0f,0f,0f,-0.9819f,0f,0f,0f,1f],start_interpolation: 0,interpolation_duration: 1}
$data merge entity $(bone_torso) {transformation: [-1f,0f,0f,0f,0f,0.9877f,0.1564f,0.7328f,0f,0.1564f,-0.9877f,0f,0f,0f,0f,1f],start_interpolation: 0,interpolation_duration: 1}