# This file was generated by Animated Java via MC-Build. It is not recommended to edit this file directly.
$data merge entity $(bone_lowerrightleg) {transformation: [-0.9982f,0.0605f,0.0027f,-0.1476f,0.0605f,0.9982f,0f,0.37f,-0.0027f,0.0002f,-1f,0.0586f,0f,0f,0f,1f],start_interpolation: 0,interpolation_duration: 1}
$data merge entity $(bone_rightleg) {transformation: [-0.9982f,0.0602f,-0.0068f,-0.125f,0.0605f,0.9859f,-0.1561f,0.7398f,-0.0027f,-0.1562f,-0.9877f,0f,0f,0f,0f,1f],start_interpolation: 0,interpolation_duration: 1}
$data merge entity $(bone_lowerleftleg) {transformation: [-0.9982f,-0.0605f,-0.0027f,0.1476f,-0.0605f,0.9982f,0f,0.37f,0.0027f,0.0002f,-1f,0.0586f,0f,0f,0f,1f],start_interpolation: 0,interpolation_duration: 1}
$data merge entity $(bone_leftleg) {transformation: [-0.9982f,-0.0602f,0.0068f,0.125f,-0.0605f,0.9859f,-0.1561f,0.7398f,0.0027f,-0.1562f,-0.9877f,0f,0f,0f,0f,1f],start_interpolation: 0,interpolation_duration: 1}
$data merge entity $(block_display_tingle_pen) {transformation: [-0.3716f,0f,-0.3346f,-0.3983f,0.3327f,0.1045f,-0.3695f,0.9444f,0.035f,-0.9945f,-0.0388f,0.21f,0f,0f,0f,1f],start_interpolation: 0,interpolation_duration: 1}
$data merge entity $(bone_rightarm) {transformation: [-0.7431f,0.6691f,0f,-0.375f,0.6655f,0.7391f,0.1045f,1.3613f,0.0699f,0.0777f,-0.9945f,0.0653f,0f,0f,0f,1f],start_interpolation: 0,interpolation_duration: 1}
$data merge entity $(item_display_tingle_book) {transformation: [-0.0262f,0f,-0.4993f,0.7468f,-0.4966f,-0.0523f,0.026f,0.8251f,-0.0522f,0.4973f,0.0027f,0.3232f,0f,0f,0f,1f],start_interpolation: 0,interpolation_duration: 1}
$data merge entity $(bone_leftarm) {transformation: [-0.7431f,-0.6691f,0f,0.375f,-0.6655f,0.7391f,0.1045f,1.3613f,-0.0699f,0.0777f,-0.9945f,0.0653f,0f,0f,0f,1f],start_interpolation: 0,interpolation_duration: 1}
$data merge entity $(bone_misc_head_items) {transformation: [-1f,0f,0f,0f,0f,1f,0f,1.4856f,0f,0f,-1f,0.0784f,0f,0f,0f,1f],start_interpolation: 0,interpolation_duration: 1}
$data merge entity $(bone_head) {transformation: [-1f,0f,0f,0f,0f,1f,0f,1.4856f,0f,0f,-1f,0.0784f,0f,0f,0f,1f],start_interpolation: 0,interpolation_duration: 1}
$data merge entity $(item_display_tingles_pack) {transformation: [-0.5f,0f,0f,0f,0f,0.4973f,0.0261f,1.2631f,0f,0.0523f,-0.2486f,-0.1964f,0f,0f,0f,1f],start_interpolation: 0,interpolation_duration: 1}
$data merge entity $(item_display_tingles_ballon_small) {transformation: [0f,0f,0f,0f,0f,0f,0f,1.9991f,0f,0f,0f,-0.6218f,0f,0f,0f,1f],start_interpolation: 0,interpolation_duration: 1}
$data merge entity $(item_display_tingles_ballon_big) {transformation: [0f,0f,0f,0f,0f,0f,0f,2.6762f,0f,0f,0f,-1.0848f,0f,0f,0f,1f],start_interpolation: 0,interpolation_duration: 1}
$data merge entity $(bone_torso) {transformation: [-1f,0f,0f,0f,0f,0.9945f,0.1045f,0.7398f,0f,0.1045f,-0.9945f,0f,0f,0f,0f,1f],start_interpolation: 0,interpolation_duration: 1}