execute if entity @s[tag=aj.banker.bone.lower_rightleg] run data modify entity @s {} merge value {transformation:[-1f,-1.224646799147353e-16f,1.232595164407831e-32f,-0.12500000000000003f,0f,2.220446049250313e-16f,1f,0.1098349570550447f,-1.2246467991473532e-16f,1f,-2.220446049250313e-16f,0.2651650429449553f,0f,0f,0f,1f],start_interpolation:0}
execute if entity @s[tag=aj.banker.bone.rightleg] run data modify entity @s {} merge value {transformation:[-1f,8.65956056235493e-17f,8.659560562354933e-17f,-0.125f,0f,0.7071067811865475f,-0.7071067811865475f,0.375f,-1.2246467991473532e-16f,-0.7071067811865475f,-0.7071067811865475f,-1.5308084989341915e-17f,0f,0f,0f,1f],start_interpolation:0}
execute if entity @s[tag=aj.banker.bone.lower_leftleg] run data modify entity @s {} merge value {transformation:[-1f,-1.224646799147353e-16f,1.232595164407831e-32f,0.12499999999999997f,0f,2.220446049250313e-16f,1f,0.1098349570550447f,-1.2246467991473532e-16f,1f,-2.220446049250313e-16f,0.2651650429449553f,0f,0f,0f,1f],start_interpolation:0}
execute if entity @s[tag=aj.banker.bone.leftleg] run data modify entity @s {} merge value {transformation:[-1f,8.65956056235493e-17f,8.659560562354933e-17f,0.125f,0f,0.7071067811865475f,-0.7071067811865475f,0.375f,-1.2246467991473532e-16f,-0.7071067811865475f,-0.7071067811865475f,1.5308084989341915e-17f,0f,0f,0f,1f],start_interpolation:0}
execute if entity @s[tag=aj.banker.bone.rightarm] run data modify entity @s {} merge value {transformation:[-0.9996134872873678f,-0.022439510622923455f,0.016411715211739387f,-0.375f,-0.023751320750228747f,0.3825220105560048f,-0.923641048353099f,0.9688100017336028f,0.014448210816820397f,-0.923673849258057f,-0.38290712895034645f,0.19497354138738576f,0f,0f,0f,1f],start_interpolation:0}
execute if entity @s[tag=aj.banker.bone.leftarm] run data modify entity @s {} merge value {transformation:[-0.9996134872873678f,0.022439510622923677f,-0.01641171521173929f,0.375f,0.023751320750228747f,0.3825220105560048f,-0.923641048353099f,0.9688100017336028f,-0.014448210816820642f,-0.923673849258057f,-0.38290712895034645f,0.19497354138738587f,0f,0f,0f,1f],start_interpolation:0}
execute if entity @s[tag=aj.banker.bone.hat] run data modify entity @s {} merge value {transformation:[-1f,0f,1.2246467991473532e-16f,-2.8652846805418326e-17f,0f,1f,0f,1.0875720020803232f,-1.2246467991473532e-16f,0f,-1f,0.23396824966486296f,0f,0f,0f,1f],start_interpolation:0}
execute if entity @s[tag=aj.banker.bone.head] run data modify entity @s {} merge value {transformation:[-1f,0f,1.2246467991473532e-16f,-2.8652846805418326e-17f,0f,1f,0f,1.0875720020803232f,-1.2246467991473532e-16f,0f,-1f,0.23396824966486296f,0f,0f,0f,1f],start_interpolation:0}
execute if entity @s[tag=aj.banker.bone.torso] run data modify entity @s {} merge value {transformation:[-1f,-3.8203795740557767e-17f,1.1635320286795855e-16f,0f,0f,0.9500960027737645f,0.3119576662198173f,0.375f,-1.2246467991473532e-16f,0.3119576662198173f,-0.9500960027737645f,0f,0f,0f,0f,1f],start_interpolation:0}