execute if entity @s[tag=aj.banker.bone.lower_rightleg] run data modify entity @s {} merge value {transformation:[-1f,-1.2246467991473535e-16f,0f,-0.12500000000000003f,0f,1.1102230246251565e-16f,1f,0.10983495705504459f,-1.2246467991473532e-16f,1f,-1.1102230246251565e-16f,0.2651650429449553f,0f,0f,0f,1f],start_interpolation:0}
execute if entity @s[tag=aj.banker.bone.rightleg] run data modify entity @s {} merge value {transformation:[-1f,8.659560562354932e-17f,8.659560562354934e-17f,-0.125f,0f,0.7071067811865476f,-0.7071067811865475f,0.37499999999999994f,-1.2246467991473532e-16f,-0.7071067811865475f,-0.7071067811865476f,-1.5308084989341915e-17f,0f,0f,0f,1f],start_interpolation:0}
execute if entity @s[tag=aj.banker.bone.lower_leftleg] run data modify entity @s {} merge value {transformation:[-1f,-1.2246467991473535e-16f,0f,0.12499999999999997f,0f,1.1102230246251565e-16f,1f,0.10983495705504459f,-1.2246467991473532e-16f,1f,-1.1102230246251565e-16f,0.2651650429449553f,0f,0f,0f,1f],start_interpolation:0}
execute if entity @s[tag=aj.banker.bone.leftleg] run data modify entity @s {} merge value {transformation:[-1f,8.659560562354932e-17f,8.659560562354934e-17f,0.125f,0f,0.7071067811865476f,-0.7071067811865475f,0.37499999999999994f,-1.2246467991473532e-16f,-0.7071067811865475f,-0.7071067811865476f,1.5308084989341915e-17f,0f,0f,0f,1f],start_interpolation:0}
execute if entity @s[tag=aj.banker.bone.rightarm] run data modify entity @s {} merge value {transformation:[-0.9726989020277516f,-0.23143367609620089f,0.017184282429168786f,-0.37500000000000006f,-0.22977077278883282f,0.950015573892819f,-0.2113665094879515f,0.8407570407740941f,0.03259199236053603f,-0.2095444175579404f,-0.9772558002407938f,0.4167677758288885f,0f,0f,0f,1f],start_interpolation:0}
execute if entity @s[tag=aj.banker.bone.leftarm] run data modify entity @s {} merge value {transformation:[-0.9726989020277516f,0.23143367609620094f,-0.01718428242916855f,0.37499999999999994f,0.22977077278883282f,0.950015573892819f,-0.2113665094879515f,0.8407570407740941f,-0.03259199236053628f,-0.2095444175579403f,-0.9772558002407938f,0.41676777582888863f,0f,0f,0f,1f],start_interpolation:0}
execute if entity @s[tag=aj.banker.bone.hat] run data modify entity @s {} merge value {transformation:[-1f,-1.232595164407831e-32f,1.2246467991473532e-16f,-6.124719871879321e-17f,0f,1f,0f,0.9339084489289131f,-1.2246467991473532e-16f,0f,-1f,0.5001213309946664f,0f,0f,0f,1f],start_interpolation:0}
execute if entity @s[tag=aj.banker.bone.head] run data modify entity @s {} merge value {transformation:[-1f,-1.232595164407831e-32f,1.2246467991473532e-16f,-6.124719871879321e-17f,0f,1f,0f,0.9339084489289131f,-1.2246467991473532e-16f,0f,-1f,0.5001213309946664f,0f,0f,0f,1f],start_interpolation:0}
execute if entity @s[tag=aj.banker.bone.torso] run data modify entity @s {} merge value {transformation:[-1f,-8.166293162505761e-17f,9.126205906629404e-17f,0f,0f,0.7452112652385507f,0.6668284413262218f,0.37499999999999994f,-1.2246467991473532e-16f,0.6668284413262218f,-0.7452112652385507f,0f,0f,0f,0f,1f],start_interpolation:0}