execute if entity @s[tag=aj.banker.bone.lower_rightleg] run data modify entity @s {} merge value {transformation:[-1f,-1.2246467991473532e-16f,-3.697785493223493e-32f,-0.12500000000000003f,0f,-1.1102230246251565e-16f,1f,0.10983495705504465f,-1.2246467991473532e-16f,1f,1.1102230246251565e-16f,0.26516504294495524f,0f,0f,0f,1f],start_interpolation:0}
execute if entity @s[tag=aj.banker.bone.rightleg] run data modify entity @s {} merge value {transformation:[-1f,8.659560562354929e-17f,8.659560562354937e-17f,-0.125f,0f,0.7071067811865477f,-0.7071067811865474f,0.375f,-1.2246467991473532e-16f,-0.7071067811865474f,-0.7071067811865477f,-1.5308084989341915e-17f,0f,0f,0f,1f],start_interpolation:0}
execute if entity @s[tag=aj.banker.bone.lower_leftleg] run data modify entity @s {} merge value {transformation:[-1f,-1.2246467991473532e-16f,-3.697785493223493e-32f,0.12499999999999997f,0f,-1.1102230246251565e-16f,1f,0.10983495705504465f,-1.2246467991473532e-16f,1f,1.1102230246251565e-16f,0.26516504294495524f,0f,0f,0f,1f],start_interpolation:0}
execute if entity @s[tag=aj.banker.bone.leftleg] run data modify entity @s {} merge value {transformation:[-1f,8.659560562354929e-17f,8.659560562354937e-17f,0.125f,0f,0.7071067811865477f,-0.7071067811865474f,0.375f,-1.2246467991473532e-16f,-0.7071067811865474f,-0.7071067811865477f,1.5308084989341915e-17f,0f,0f,0f,1f],start_interpolation:0}
execute if entity @s[tag=aj.banker.bone.rightarm] run data modify entity @s {} merge value {transformation:[-0.965925826289068f,-0.25881904510252207f,-3.819293072584744e-15f,-0.37500000000000006f,-0.25783416049630054f,0.9622501868990578f,-0.08715574274765847f,0.8169417382415922f,0.022557566113153668f,-0.08418598282936846f,-0.9961946980917455f,0.44194173824159216f,0f,0f,0f,1f],start_interpolation:0}
execute if entity @s[tag=aj.banker.bone.leftarm] run data modify entity @s {} merge value {transformation:[-0.965925826289068f,0.25881904510252207f,4.063290402253868e-15f,0.37499999999999994f,0.25783416049630054f,0.9622501868990578f,-0.08715574274765847f,0.8169417382415922f,-0.022557566113153918f,-0.08418598282936834f,-0.9961946980917455f,0.4419417382415923f,0f,0f,0f,1f],start_interpolation:0}
execute if entity @s[tag=aj.banker.bone.hat] run data modify entity @s {} merge value {transformation:[-1f,0f,1.2246467991473532e-16f,-6.4946704217662e-17f,0f,1f,0f,0.9053300858899106f,-1.2246467991473532e-16f,0f,-1f,0.5303300858899107f,0f,0f,0f,1f],start_interpolation:0}
execute if entity @s[tag=aj.banker.bone.head] run data modify entity @s {} merge value {transformation:[-1f,0f,1.2246467991473532e-16f,-6.4946704217662e-17f,0f,1f,0f,0.9053300858899106f,-1.2246467991473532e-16f,0f,-1f,0.5303300858899107f,0f,0f,0f,1f],start_interpolation:0}
execute if entity @s[tag=aj.banker.bone.torso] run data modify entity @s {} merge value {transformation:[-1f,-8.659560562354934e-17f,8.659560562354932e-17f,0f,0f,0.7071067811865475f,0.7071067811865476f,0.375f,-1.2246467991473532e-16f,0.7071067811865476f,-0.7071067811865475f,0f,0f,0f,0f,1f],start_interpolation:0}