execute if entity @s[tag=aj.banker.bone.lower_rightleg] run data modify entity @s {} merge value {transformation:[-1f,-1.2246467991473535e-16f,0f,-0.12500000000000003f,0f,1.1102230246251565e-16f,1f,0.1098349570550447f,-1.2246467991473532e-16f,1f,-1.1102230246251565e-16f,0.2651650429449553f,0f,0f,0f,1f],start_interpolation:0}
execute if entity @s[tag=aj.banker.bone.rightleg] run data modify entity @s {} merge value {transformation:[-1f,8.659560562354932e-17f,8.659560562354934e-17f,-0.125f,0f,0.7071067811865476f,-0.7071067811865475f,0.37500000000000006f,-1.2246467991473532e-16f,-0.7071067811865475f,-0.7071067811865476f,-1.5308084989341915e-17f,0f,0f,0f,1f],start_interpolation:0}
execute if entity @s[tag=aj.banker.bone.lower_leftleg] run data modify entity @s {} merge value {transformation:[-1f,-1.2246467991473535e-16f,0f,0.12499999999999997f,0f,1.1102230246251565e-16f,1f,0.1098349570550447f,-1.2246467991473532e-16f,1f,-1.1102230246251565e-16f,0.2651650429449553f,0f,0f,0f,1f],start_interpolation:0}
execute if entity @s[tag=aj.banker.bone.leftleg] run data modify entity @s {} merge value {transformation:[-1f,8.659560562354932e-17f,8.659560562354934e-17f,0.125f,0f,0.7071067811865476f,-0.7071067811865475f,0.37500000000000006f,-1.2246467991473532e-16f,-0.7071067811865475f,-0.7071067811865476f,1.5308084989341915e-17f,0f,0f,0f,1f],start_interpolation:0}
execute if entity @s[tag=aj.banker.bone.rightarm] run data modify entity @s {} merge value {transformation:[-0.9996134872873678f,-0.022439510622923205f,0.016411715211739238f,-0.375f,-0.02375132075022849f,0.3825220105560036f,-0.9236410483530997f,0.968810001733603f,0.014448210816820252f,-0.9236738492580576f,-0.38290712895034523f,0.19497354138738549f,0f,0f,0f,1f],start_interpolation:0}
execute if entity @s[tag=aj.banker.bone.leftarm] run data modify entity @s {} merge value {transformation:[-0.9996134872873678f,0.022439510622923427f,-0.01641171521173914f,0.375f,0.02375132075022849f,0.3825220105560036f,-0.9236410483530997f,0.968810001733603f,-0.014448210816820496f,-0.9236738492580576f,-0.38290712895034523f,0.1949735413873856f,0f,0f,0f,1f],start_interpolation:0}
execute if entity @s[tag=aj.banker.bone.hat] run data modify entity @s {} merge value {transformation:[-1f,0f,1.2246467991473532e-16f,-2.8652846805418283e-17f,0f,1f,0f,1.0875720020803235f,-1.2246467991473532e-16f,0f,-1f,0.23396824966486263f,0f,0f,0f,1f],start_interpolation:0}
execute if entity @s[tag=aj.banker.bone.head] run data modify entity @s {} merge value {transformation:[-1f,0f,1.2246467991473532e-16f,-2.8652846805418283e-17f,0f,1f,0f,1.0875720020803235f,-1.2246467991473532e-16f,0f,-1f,0.23396824966486263f,0f,0f,0f,1f],start_interpolation:0}
execute if entity @s[tag=aj.banker.bone.torso] run data modify entity @s {} merge value {transformation:[-1f,-3.820379574055771e-17f,1.1635320286795857e-16f,0f,0f,0.9500960027737646f,0.31195766621981685f,0.37500000000000006f,-1.2246467991473532e-16f,0.31195766621981685f,-0.9500960027737646f,0f,0f,0f,0f,1f],start_interpolation:0}