execute if entity @s[tag=aj.banker.bone.lower_rightleg] run data modify entity @s {} merge value {transformation:[-1f,-1.224646799147353e-16f,2.465190328815662e-32f,-0.12500000000000003f,0f,2.220446049250313e-16f,1f,0.1098349570550447f,-1.2246467991473532e-16f,1f,-2.220446049250313e-16f,0.26516504294495535f,0f,0f,0f,1f],start_interpolation:0}
execute if entity @s[tag=aj.banker.bone.rightleg] run data modify entity @s {} merge value {transformation:[-1f,8.659560562354933e-17f,8.659560562354932e-17f,-0.125f,0f,0.7071067811865475f,-0.7071067811865476f,0.375f,-1.2246467991473532e-16f,-0.7071067811865476f,-0.7071067811865475f,-1.5308084989341915e-17f,0f,0f,0f,1f],start_interpolation:0}
execute if entity @s[tag=aj.banker.bone.lower_leftleg] run data modify entity @s {} merge value {transformation:[-1f,-1.224646799147353e-16f,2.465190328815662e-32f,0.12499999999999997f,0f,2.220446049250313e-16f,1f,0.1098349570550447f,-1.2246467991473532e-16f,1f,-2.220446049250313e-16f,0.26516504294495535f,0f,0f,0f,1f],start_interpolation:0}
execute if entity @s[tag=aj.banker.bone.leftleg] run data modify entity @s {} merge value {transformation:[-1f,8.659560562354933e-17f,8.659560562354932e-17f,0.125f,0f,0.7071067811865475f,-0.7071067811865476f,0.375f,-1.2246467991473532e-16f,-0.7071067811865476f,-0.7071067811865475f,1.5308084989341915e-17f,0f,0f,0f,1f],start_interpolation:0}
execute if entity @s[tag=aj.banker.bone.rightarm] run data modify entity @s {} merge value {transformation:[-0.9914085428183225f,-0.12280284663705872f,0.04503956132874256f,-0.37500000000000006f,-0.123213153367761f,0.7612020068127912f,-0.6367024608569944f,0.9162658773652742f,0.04390467018465272f,-0.6367817253046879f,-0.7697930983413415f,0.3124999999999999f,0f,0f,0f,1f],start_interpolation:0}
execute if entity @s[tag=aj.banker.bone.leftarm] run data modify entity @s {} merge value {transformation:[-0.9914085428183225f,0.12280284663705886f,-0.04503956132874238f,0.37499999999999994f,0.123213153367761f,0.7612020068127912f,-0.6367024608569944f,0.9162658773652742f,-0.04390467018465295f,-0.6367817253046878f,-0.7697930983413415f,0.3125f,0f,0f,0f,1f],start_interpolation:0}
execute if entity @s[tag=aj.banker.bone.hat] run data modify entity @s {} merge value {transformation:[-1f,0f,1.2246467991473532e-16f,-4.5924254968025736e-17f,0f,1f,0f,1.024519052838329f,-1.2246467991473532e-16f,0f,-1f,0.37499999999999994f,0f,0f,0f,1f],start_interpolation:0}
execute if entity @s[tag=aj.banker.bone.head] run data modify entity @s {} merge value {transformation:[-1f,0f,1.2246467991473532e-16f,-4.5924254968025736e-17f,0f,1f,0f,1.024519052838329f,-1.2246467991473532e-16f,0f,-1f,0.37499999999999994f,0f,0f,0f,1f],start_interpolation:0}
execute if entity @s[tag=aj.banker.bone.torso] run data modify entity @s {} merge value {transformation:[-1f,-6.123233995736765e-17f,1.0605752387249069e-16f,0f,0f,0.8660254037844387f,0.49999999999999994f,0.375f,-1.2246467991473532e-16f,0.49999999999999994f,-0.8660254037844387f,0f,0f,0f,0f,1f],start_interpolation:0}