execute if entity @s[tag=aj.banker.bone.lower_rightleg] run data modify entity @s {} merge value {transformation:[-1f,-1.2246467991473535e-16f,6.162975822039155e-32f,-0.12500000000000003f,0f,5.551115123125783e-16f,1f,0.10983495705504476f,-1.2246467991473532e-16f,1f,-5.551115123125783e-16f,0.2651650429449554f,0f,0f,0f,1f],start_interpolation:0}
execute if entity @s[tag=aj.banker.bone.rightleg] run data modify entity @s {} merge value {transformation:[-1f,8.659560562354937e-17f,8.65956056235493e-17f,-0.125f,0f,0.7071067811865472f,-0.7071067811865478f,0.375f,-1.2246467991473532e-16f,-0.7071067811865478f,-0.7071067811865472f,-1.5308084989341915e-17f,0f,0f,0f,1f],start_interpolation:0}
execute if entity @s[tag=aj.banker.bone.lower_leftleg] run data modify entity @s {} merge value {transformation:[-1f,-1.2246467991473535e-16f,6.162975822039155e-32f,0.12499999999999997f,0f,5.551115123125783e-16f,1f,0.10983495705504476f,-1.2246467991473532e-16f,1f,-5.551115123125783e-16f,0.2651650429449554f,0f,0f,0f,1f],start_interpolation:0}
execute if entity @s[tag=aj.banker.bone.leftleg] run data modify entity @s {} merge value {transformation:[-1f,8.659560562354937e-17f,8.65956056235493e-17f,0.125f,0f,0.7071067811865472f,-0.7071067811865478f,0.375f,-1.2246467991473532e-16f,-0.7071067811865478f,-0.7071067811865472f,1.5308084989341915e-17f,0f,0f,0f,1f],start_interpolation:0}
execute if entity @s[tag=aj.banker.bone.rightarm] run data modify entity @s {} merge value {transformation:[-0.9726989020277514f,-0.23143367609620108f,0.01718428242916873f,-0.37500000000000006f,-0.22977077278883298f,0.9500155738928191f,-0.2113665094879505f,0.8407570407740941f,0.03259199236053599f,-0.20954441755793946f,-0.9772558002407938f,0.41676777582888874f,0f,0f,0f,1f],start_interpolation:0}
execute if entity @s[tag=aj.banker.bone.leftarm] run data modify entity @s {} merge value {transformation:[-0.9726989020277514f,0.23143367609620114f,-0.017184282429168495f,0.37499999999999994f,0.22977077278883298f,0.9500155738928191f,-0.2113665094879505f,0.8407570407740941f,-0.03259199236053624f,-0.20954441755793934f,-0.9772558002407938f,0.41676777582888885f,0f,0f,0f,1f],start_interpolation:0}
execute if entity @s[tag=aj.banker.bone.hat] run data modify entity @s {} merge value {transformation:[-1f,0f,1.2246467991473532e-16f,-6.124719871879324e-17f,0f,1f,0f,0.9339084489289128f,-1.2246467991473532e-16f,0f,-1f,0.5001213309946666f,0f,0f,0f,1f],start_interpolation:0}
execute if entity @s[tag=aj.banker.bone.head] run data modify entity @s {} merge value {transformation:[-1f,0f,1.2246467991473532e-16f,-6.124719871879324e-17f,0f,1f,0f,0.9339084489289128f,-1.2246467991473532e-16f,0f,-1f,0.5001213309946666f,0f,0f,0f,1f],start_interpolation:0}
execute if entity @s[tag=aj.banker.bone.torso] run data modify entity @s {} merge value {transformation:[-1f,-8.166293162505765e-17f,9.1262059066294e-17f,0f,0f,0.7452112652385504f,0.6668284413262221f,0.375f,-1.2246467991473532e-16f,0.6668284413262221f,-0.7452112652385504f,0f,0f,0f,0f,1f],start_interpolation:0}