execute if entity @s[tag=aj.banker.bone.lower_rightleg] run data modify entity @s {} merge value {transformation:[-1f,-1.2246467991473535e-16f,4.930380657631324e-32f,-0.12500000000000003f,0f,3.885780586188048e-16f,1f,0.10983495705504481f,-1.2246467991473532e-16f,1f,-3.885780586188048e-16f,0.26516504294495535f,0f,0f,0f,1f],start_interpolation:0}
execute if entity @s[tag=aj.banker.bone.rightleg] run data modify entity @s {} merge value {transformation:[-1f,8.659560562354935e-17f,8.65956056235493e-17f,-0.125f,0f,0.7071067811865474f,-0.7071067811865477f,0.37500000000000006f,-1.2246467991473532e-16f,-0.7071067811865477f,-0.7071067811865474f,-1.5308084989341915e-17f,0f,0f,0f,1f],start_interpolation:0}
execute if entity @s[tag=aj.banker.bone.lower_leftleg] run data modify entity @s {} merge value {transformation:[-1f,-1.2246467991473535e-16f,4.930380657631324e-32f,0.12499999999999997f,0f,3.885780586188048e-16f,1f,0.10983495705504481f,-1.2246467991473532e-16f,1f,-3.885780586188048e-16f,0.26516504294495535f,0f,0f,0f,1f],start_interpolation:0}
execute if entity @s[tag=aj.banker.bone.leftleg] run data modify entity @s {} merge value {transformation:[-1f,8.659560562354935e-17f,8.65956056235493e-17f,0.125f,0f,0.7071067811865474f,-0.7071067811865477f,0.37500000000000006f,-1.2246467991473532e-16f,-0.7071067811865477f,-0.7071067811865474f,1.5308084989341915e-17f,0f,0f,0f,1f],start_interpolation:0}
execute if entity @s[tag=aj.banker.bone.rightarm] run data modify entity @s {} merge value {transformation:[-0.9996134872873678f,-0.02243951062292346f,0.016411715211739394f,-0.375f,-0.02375132075022875f,0.3825220105560049f,-0.9236410483530988f,0.9688100017336028f,0.014448210816820397f,-0.9236738492580567f,-0.3829071289503465f,0.19497354138738582f,0f,0f,0f,1f],start_interpolation:0}
execute if entity @s[tag=aj.banker.bone.leftarm] run data modify entity @s {} merge value {transformation:[-0.9996134872873678f,0.02243951062292368f,-0.016411715211739297f,0.375f,0.02375132075022875f,0.3825220105560049f,-0.9236410483530988f,0.9688100017336028f,-0.014448210816820642f,-0.9236738492580567f,-0.3829071289503465f,0.19497354138738593f,0f,0f,0f,1f],start_interpolation:0}
execute if entity @s[tag=aj.banker.bone.hat] run data modify entity @s {} merge value {transformation:[-1f,6.162975822039155e-33f,1.2246467991473532e-16f,-2.865284680541833e-17f,0f,0.9999999999999999f,0f,1.0875720020803232f,-1.2246467991473532e-16f,0f,-0.9999999999999999f,0.23396824966486307f,0f,0f,0f,1f],start_interpolation:0}
execute if entity @s[tag=aj.banker.bone.head] run data modify entity @s {} merge value {transformation:[-1f,6.162975822039155e-33f,1.2246467991473532e-16f,-2.865284680541833e-17f,0f,0.9999999999999999f,0f,1.0875720020803232f,-1.2246467991473532e-16f,0f,-0.9999999999999999f,0.23396824966486307f,0f,0f,0f,1f],start_interpolation:0}
execute if entity @s[tag=aj.banker.bone.torso] run data modify entity @s {} merge value {transformation:[-1f,-3.820379574055778e-17f,1.1635320286795855e-16f,0f,0f,0.9500960027737644f,0.3119576662198174f,0.37500000000000006f,-1.2246467991473532e-16f,0.3119576662198174f,-0.9500960027737644f,0f,0f,0f,0f,1f],start_interpolation:0}