execute if entity @s[tag=aj.banker.bone.lower_rightleg] run data modify entity @s {} merge value {transformation:[-1f,-1.2246467991473532e-16f,1.232595164407831e-32f,-0.12500000000000003f,0f,1.1102230246251565e-16f,1f,0.1098349570550447f,-1.2246467991473532e-16f,1f,-1.1102230246251565e-16f,0.2651650429449553f,0f,0f,0f,1f],start_interpolation:0}
execute if entity @s[tag=aj.banker.bone.rightleg] run data modify entity @s {} merge value {transformation:[-1f,8.659560562354932e-17f,8.659560562354933e-17f,-0.125f,0f,0.7071067811865476f,-0.7071067811865475f,0.37500000000000006f,-1.2246467991473532e-16f,-0.7071067811865475f,-0.7071067811865476f,-1.5308084989341915e-17f,0f,0f,0f,1f],start_interpolation:0}
execute if entity @s[tag=aj.banker.bone.lower_leftleg] run data modify entity @s {} merge value {transformation:[-1f,-1.2246467991473532e-16f,1.232595164407831e-32f,0.12499999999999997f,0f,1.1102230246251565e-16f,1f,0.1098349570550447f,-1.2246467991473532e-16f,1f,-1.1102230246251565e-16f,0.2651650429449553f,0f,0f,0f,1f],start_interpolation:0}
execute if entity @s[tag=aj.banker.bone.leftleg] run data modify entity @s {} merge value {transformation:[-1f,8.659560562354932e-17f,8.659560562354933e-17f,0.125f,0f,0.7071067811865476f,-0.7071067811865475f,0.37500000000000006f,-1.2246467991473532e-16f,-0.7071067811865475f,-0.7071067811865476f,1.5308084989341915e-17f,0f,0f,0f,1f],start_interpolation:0}
execute if entity @s[tag=aj.banker.bone.rightarm] run data modify entity @s {} merge value {transformation:[-0.9996134872873678f,-0.022439510622923303f,0.016411715211739307f,-0.375f,-0.023751320750228597f,0.38252201055600377f,-0.9236410483530993f,0.9688100017336028f,0.014448210816820314f,-0.9236738492580573f,-0.3829071289503454f,0.19497354138738562f,0f,0f,0f,1f],start_interpolation:0}
execute if entity @s[tag=aj.banker.bone.leftarm] run data modify entity @s {} merge value {transformation:[-0.9996134872873678f,0.022439510622923525f,-0.01641171521173921f,0.375f,0.023751320750228597f,0.38252201055600377f,-0.9236410483530993f,0.9688100017336028f,-0.014448210816820559f,-0.9236738492580573f,-0.3829071289503454f,0.19497354138738573f,0f,0f,0f,1f],start_interpolation:0}
execute if entity @s[tag=aj.banker.bone.hat] run data modify entity @s {} merge value {transformation:[-1f,0f,1.224646799147353e-16f,-2.86528468054183e-17f,0f,0.9999999999999999f,0f,1.0875720020803235f,-1.2246467991473532e-16f,0f,-0.9999999999999999f,0.2339682496648628f,0f,0f,0f,1f],start_interpolation:0}
execute if entity @s[tag=aj.banker.bone.head] run data modify entity @s {} merge value {transformation:[-1f,0f,1.224646799147353e-16f,-2.86528468054183e-17f,0f,0.9999999999999999f,0f,1.0875720020803235f,-1.2246467991473532e-16f,0f,-0.9999999999999999f,0.2339682496648628f,0f,0f,0f,1f],start_interpolation:0}
execute if entity @s[tag=aj.banker.bone.torso] run data modify entity @s {} merge value {transformation:[-1f,-3.8203795740557736e-17f,1.1635320286795855e-16f,0f,0f,0.9500960027737645f,0.3119576662198171f,0.37500000000000006f,-1.2246467991473532e-16f,0.3119576662198171f,-0.9500960027737645f,0f,0f,0f,0f,1f],start_interpolation:0}