execute if entity @s[tag=aj.banker.bone.lower_rightleg] run data modify entity @s {} merge value {transformation:[-1f,-1.2246467991473535e-16f,3.697785493223493e-32f,-0.12500000000000003f,0f,2.220446049250313e-16f,1f,0.1098349570550447f,-1.2246467991473532e-16f,1f,-2.220446049250313e-16f,0.26516504294495535f,0f,0f,0f,1f],start_interpolation:0}
execute if entity @s[tag=aj.banker.bone.rightleg] run data modify entity @s {} merge value {transformation:[-1f,8.659560562354935e-17f,8.659560562354933e-17f,-0.125f,0f,0.7071067811865475f,-0.7071067811865476f,0.375f,-1.2246467991473532e-16f,-0.7071067811865476f,-0.7071067811865475f,-1.5308084989341915e-17f,0f,0f,0f,1f],start_interpolation:0}
execute if entity @s[tag=aj.banker.bone.lower_leftleg] run data modify entity @s {} merge value {transformation:[-1f,-1.2246467991473535e-16f,3.697785493223493e-32f,0.12499999999999997f,0f,2.220446049250313e-16f,1f,0.1098349570550447f,-1.2246467991473532e-16f,1f,-2.220446049250313e-16f,0.26516504294495535f,0f,0f,0f,1f],start_interpolation:0}
execute if entity @s[tag=aj.banker.bone.leftleg] run data modify entity @s {} merge value {transformation:[-1f,8.659560562354935e-17f,8.659560562354933e-17f,0.125f,0f,0.7071067811865475f,-0.7071067811865476f,0.375f,-1.2246467991473532e-16f,-0.7071067811865476f,-0.7071067811865475f,1.5308084989341915e-17f,0f,0f,0f,1f],start_interpolation:0}
execute if entity @s[tag=aj.banker.bone.rightarm] run data modify entity @s {} merge value {transformation:[-0.9996134872873678f,-0.022439510622923525f,0.01641171521173943f,-0.375f,-0.02375132075022882f,0.38252201055600554f,-0.9236410483530985f,0.9688100017336028f,0.014448210816820423f,-0.9236738492580564f,-0.3829071289503472f,0.1949735413873859f,0f,0f,0f,1f],start_interpolation:0}
execute if entity @s[tag=aj.banker.bone.leftarm] run data modify entity @s {} merge value {transformation:[-0.9996134872873678f,0.022439510622923747f,-0.01641171521173933f,0.375f,0.02375132075022882f,0.38252201055600554f,-0.9236410483530985f,0.9688100017336028f,-0.01444821081682067f,-0.9236738492580564f,-0.3829071289503472f,0.194973541387386f,0f,0f,0f,1f],start_interpolation:0}
execute if entity @s[tag=aj.banker.bone.hat] run data modify entity @s {} merge value {transformation:[-1f,6.162975822039155e-33f,1.2246467991473532e-16f,-2.8652846805418345e-17f,0f,0.9999999999999999f,0f,1.0875720020803232f,-1.2246467991473532e-16f,0f,-0.9999999999999999f,0.23396824966486313f,0f,0f,0f,1f],start_interpolation:0}
execute if entity @s[tag=aj.banker.bone.head] run data modify entity @s {} merge value {transformation:[-1f,6.162975822039155e-33f,1.2246467991473532e-16f,-2.8652846805418345e-17f,0f,0.9999999999999999f,0f,1.0875720020803232f,-1.2246467991473532e-16f,0f,-0.9999999999999999f,0.23396824966486313f,0f,0f,0f,1f],start_interpolation:0}
execute if entity @s[tag=aj.banker.bone.torso] run data modify entity @s {} merge value {transformation:[-1f,-3.820379574055779e-17f,1.1635320286795855e-16f,0f,0f,0.9500960027737644f,0.3119576662198175f,0.375f,-1.2246467991473532e-16f,0.3119576662198175f,-0.9500960027737644f,0f,0f,0f,0f,1f],start_interpolation:0}