execute if entity @s[tag=aj.banker.bone.lower_rightleg] run data modify entity @s {} merge value {transformation:[-1f,-1.2246467991473535e-16f,0f,-0.12500000000000003f,0f,1.1102230246251565e-16f,1f,0.10983495705504459f,-1.2246467991473532e-16f,1f,-1.1102230246251565e-16f,0.26516504294495535f,0f,0f,0f,1f],start_interpolation:0}
execute if entity @s[tag=aj.banker.bone.rightleg] run data modify entity @s {} merge value {transformation:[-1f,8.659560562354933e-17f,8.659560562354935e-17f,-0.125f,0f,0.7071067811865476f,-0.7071067811865476f,0.37499999999999994f,-1.2246467991473532e-16f,-0.7071067811865476f,-0.7071067811865476f,-1.5308084989341915e-17f,0f,0f,0f,1f],start_interpolation:0}
execute if entity @s[tag=aj.banker.bone.lower_leftleg] run data modify entity @s {} merge value {transformation:[-1f,-1.2246467991473535e-16f,0f,0.12499999999999997f,0f,1.1102230246251565e-16f,1f,0.10983495705504459f,-1.2246467991473532e-16f,1f,-1.1102230246251565e-16f,0.26516504294495535f,0f,0f,0f,1f],start_interpolation:0}
execute if entity @s[tag=aj.banker.bone.leftleg] run data modify entity @s {} merge value {transformation:[-1f,8.659560562354933e-17f,8.659560562354935e-17f,0.125f,0f,0.7071067811865476f,-0.7071067811865476f,0.37499999999999994f,-1.2246467991473532e-16f,-0.7071067811865476f,-0.7071067811865476f,1.5308084989341915e-17f,0f,0f,0f,1f],start_interpolation:0}
execute if entity @s[tag=aj.banker.bone.rightarm] run data modify entity @s {} merge value {transformation:[-0.9726989020277514f,-0.231433676096201f,0.017184282429168786f,-0.37500000000000006f,-0.2297707727888329f,0.9500155738928191f,-0.21136650948795088f,0.8407570407740941f,0.03259199236053596f,-0.20954441755793984f,-0.9772558002407938f,0.4167677758288887f,0f,0f,0f,1f],start_interpolation:0}
execute if entity @s[tag=aj.banker.bone.leftarm] run data modify entity @s {} merge value {transformation:[-0.9726989020277514f,0.23143367609620105f,-0.01718428242916855f,0.37499999999999994f,0.2297707727888329f,0.9500155738928191f,-0.21136650948795088f,0.8407570407740941f,-0.03259199236053621f,-0.20954441755793973f,-0.9772558002407938f,0.4167677758288888f,0f,0f,0f,1f],start_interpolation:0}
execute if entity @s[tag=aj.banker.bone.hat] run data modify entity @s {} merge value {transformation:[-1f,0f,1.2246467991473532e-16f,-6.124719871879323e-17f,0f,1f,0f,0.9339084489289129f,-1.2246467991473532e-16f,0f,-1f,0.5001213309946665f,0f,0f,0f,1f],start_interpolation:0}
execute if entity @s[tag=aj.banker.bone.head] run data modify entity @s {} merge value {transformation:[-1f,0f,1.2246467991473532e-16f,-6.124719871879323e-17f,0f,1f,0f,0.9339084489289129f,-1.2246467991473532e-16f,0f,-1f,0.5001213309946665f,0f,0f,0f,1f],start_interpolation:0}
execute if entity @s[tag=aj.banker.bone.torso] run data modify entity @s {} merge value {transformation:[-1f,-8.166293162505764e-17f,9.126205906629402e-17f,0f,0f,0.7452112652385505f,0.666828441326222f,0.37499999999999994f,-1.2246467991473532e-16f,0.666828441326222f,-0.7452112652385505f,0f,0f,0f,0f,1f],start_interpolation:0}