# This file was generated by Animated Java via MC-Build. It is not recommended to edit this file directly.
$data merge entity $(bone_lowerrightleg) {transformation: [-1f,0f,0f,-0.125f,0f,0.9848f,0.1736f,0.3764f,0f,0.1736f,-0.9848f,0.0327f,0f,0f,0f,1f],start_interpolation: 0,interpolation_duration: 1}
$data merge entity $(bone_rightleg) {transformation: [-1f,0f,0f,-0.125f,0f,0.9962f,-0.0872f,0.75f,0f,-0.0872f,-0.9962f,0f,0f,0f,0f,1f],start_interpolation: 0,interpolation_duration: 1}
$data merge entity $(bone_lowerleftleg) {transformation: [-1f,0f,0f,0.125f,0f,0.9848f,0.1736f,0.3764f,0f,0.1736f,-0.9848f,0.0327f,0f,0f,0f,1f],start_interpolation: 0,interpolation_duration: 1}
$data merge entity $(bone_leftleg) {transformation: [-1f,0f,0f,0.125f,0f,0.9962f,-0.0872f,0.75f,0f,-0.0872f,-0.9962f,0f,0f,0f,0f,1f],start_interpolation: 0,interpolation_duration: 1}
$data merge entity $(block_display_tingle_pen) {transformation: [-0.4973f,-0.0759f,-0.0349f,-0.1339f,0.0507f,-0.8408f,-0.2659f,1.1949f,-0.0091f,-0.5361f,0.422f,0.7706f,0f,0f,0f,1f],start_interpolation: 0,interpolation_duration: 1}
$data merge entity $(bone_rightarm) {transformation: [-0.9947f,0.0697f,-0.0759f,-0.375f,0.1014f,0.5318f,-0.8408f,1.2288f,-0.0182f,-0.844f,-0.5361f,0.4017f,0f,0f,0f,1f],start_interpolation: 0,interpolation_duration: 1}
$data merge entity $(item_display_tingle_book) {transformation: [-0.4769f,-0.0647f,-0.1354f,-0.0214f,-0.1431f,0.0599f,0.4753f,0.7489f,-0.0453f,0.4922f,-0.0756f,0.7255f,0f,0f,0f,1f],start_interpolation: 0,interpolation_duration: 1}
$data merge entity $(bone_leftarm) {transformation: [-0.866f,0.483f,0.1294f,0.375f,0.4698f,0.8746f,-0.1197f,1.2288f,-0.171f,-0.0429f,-0.9843f,0.4017f,0f,0f,0f,1f],start_interpolation: 0,interpolation_duration: 1}
$data merge entity $(bone_head) {transformation: [-1f,0f,0f,0f,0f,0.5736f,0.8192f,1.3245f,0f,0.8192f,-0.5736f,0.4821f,0f,0f,0f,1f],start_interpolation: 0,interpolation_duration: 1}
$data merge entity $(item_display_tingles_pack) {transformation: [-0.5f,0f,0f,0f,0f,0.383f,0.1607f,1.2937f,0f,0.3214f,-0.1915f,0.1299f,0f,0f,0f,1f],start_interpolation: 0,interpolation_duration: 1}
$data merge entity $(item_display_tingles_ballon_small) {transformation: [-1.01f,0f,0f,0f,0f,-1.01f,0f,2.1418f,0f,0f,1.01f,0.1888f,0f,0f,0f,1f],start_interpolation: 0,interpolation_duration: 1}
$data merge entity $(item_display_tingles_ballon_big) {transformation: [-2f,0f,0f,0f,0f,-1.625f,0f,2.962f,0f,0f,2f,0.1836f,0f,0f,0f,1f],start_interpolation: 0,interpolation_duration: 1}
$data merge entity $(bone_torso) {transformation: [-1f,0f,0f,0f,0f,0.766f,0.6428f,0.75f,0f,0.6428f,-0.766f,0f,0f,0f,0f,1f],start_interpolation: 0,interpolation_duration: 1}
data modify entity @s data merge value {"cameras":{},"locators":{"sounds":{"px":0,"py":0,"pz":0,"ry":0,"rx":0}}}