# This file was generated by Animated Java via MC-Build. It is not recommended to edit this file directly.
$data merge entity $(bone_lowerrightleg) {transformation: [-1f,0f,0f,-0.125f,0f,0.8521f,0.5234f,0.3775f,0f,0.5234f,-0.8521f,-0.0428f,0f,0f,0f,1f],start_interpolation: 0,interpolation_duration: 1}
$data merge entity $(bone_rightleg) {transformation: [-1f,0f,0f,-0.125f,0f,0.9935f,0.1142f,0.75f,0f,0.1142f,-0.9935f,0f,0f,0f,0f,1f],start_interpolation: 0,interpolation_duration: 1}
$data merge entity $(bone_lowerleftleg) {transformation: [-1f,0f,0f,0.125f,0f,0.9875f,-0.1575f,0.3862f,0f,-0.1575f,-0.9875f,0.0911f,0f,0f,0f,1f],start_interpolation: 0,interpolation_duration: 1}
$data merge entity $(bone_leftleg) {transformation: [-1f,0f,0f,0.125f,0f,0.97f,-0.2429f,0.75f,0f,-0.2429f,-0.97f,0f,0f,0f,0f,1f],start_interpolation: 0,interpolation_duration: 1}
$data merge entity $(block_display_tingle_pen) {transformation: [-0.4536f,-0.0761f,0.2069f,-0.0046f,-0.1028f,-0.7778f,-0.297f,1.1938f,0.1835f,-0.6239f,0.345f,0.6923f,0f,0f,0f,1f],start_interpolation: 0,interpolation_duration: 1}
$data merge entity $(bone_rightarm) {transformation: [-0.9072f,-0.4137f,-0.0761f,-0.375f,-0.2056f,0.5939f,-0.7778f,1.1822f,0.367f,-0.69f,-0.6239f,0.4515f,0f,0f,0f,1f],start_interpolation: 0,interpolation_duration: 1}
$data merge entity $(item_display_tingle_book) {transformation: [-0.4788f,-0.0541f,-0.1336f,-0.018f,-0.1368f,0.025f,0.4803f,0.6827f,-0.0453f,0.4964f,-0.0387f,0.7485f,0f,0f,0f,1f],start_interpolation: 0,interpolation_duration: 1}
$data merge entity $(bone_leftarm) {transformation: [-0.866f,0.4881f,0.1082f,0.375f,0.4857f,0.8727f,-0.05f,1.1822f,-0.1188f,0.0093f,-0.9929f,0.4515f,0f,0f,0f,1f],start_interpolation: 0,interpolation_duration: 1}
$data merge entity $(bone_head) {transformation: [-1f,0f,0f,0f,0f,0.5556f,0.8315f,1.2686f,0f,0.8315f,-0.5556f,0.5418f,0f,0f,0f,1f],start_interpolation: 0,interpolation_duration: 1}
$data merge entity $(item_display_tingles_pack) {transformation: [-0.5f,0f,0f,0f,0f,0.3458f,0.1806f,1.2763f,0f,0.3612f,-0.1729f,0.1883f,0f,0f,0f,1f],start_interpolation: 0,interpolation_duration: 1}
$data merge entity $(item_display_tingles_ballon_small) {transformation: [-1.01f,0f,0f,0f,0f,-1.01f,0f,2.1187f,0f,0f,1.01f,0.2012f,0f,0f,0f,1f],start_interpolation: 0,interpolation_duration: 1}
$data merge entity $(item_display_tingles_ballon_big) {transformation: [-2f,0f,0f,0f,0f,-1.625f,0f,2.9392f,0f,0f,2f,0.2025f,0f,0f,0f,1f],start_interpolation: 0,interpolation_duration: 1}
$data merge entity $(bone_torso) {transformation: [-1f,0f,0f,0f,0f,0.6915f,0.7224f,0.75f,0f,0.7224f,-0.6915f,0f,0f,0f,0f,1f],start_interpolation: 0,interpolation_duration: 1}