# This file was generated by Animated Java via MC-Build. It is not recommended to edit this file directly.
$data merge entity $(bone_lowerrightleg) {transformation: [-1f,0f,0f,-0.125f,0f,0.9297f,0.3683f,0.3767f,0f,0.3683f,-0.9297f,-0.0361f,0f,0f,0f,1f],start_interpolation: 0,interpolation_duration: 1}
$data merge entity $(bone_rightleg) {transformation: [-1f,0f,0f,-0.125f,0f,0.9954f,0.0962f,0.75f,0f,0.0962f,-0.9954f,0f,0f,0f,0f,1f],start_interpolation: 0,interpolation_duration: 1}
$data merge entity $(bone_lowerleftleg) {transformation: [-1f,0f,0f,0.125f,0f,0.9533f,0.3021f,0.3758f,0f,0.3021f,-0.9533f,-0.024f,0f,0f,0f,1f],start_interpolation: 0,interpolation_duration: 1}
$data merge entity $(bone_leftleg) {transformation: [-1f,0f,0f,0.125f,0f,0.9979f,0.0641f,0.75f,0f,0.0641f,-0.9979f,0f,0f,0f,0f,1f],start_interpolation: 0,interpolation_duration: 1}
$data merge entity $(block_display_tingle_pen) {transformation: [-0.4621f,-0.076f,0.187f,-0.0128f,-0.1006f,-0.7356f,-0.3234f,1.1383f,0.1622f,-0.6731f,0.3323f,0.7313f,0f,0f,0f,1f],start_interpolation: 0,interpolation_duration: 1}
$data merge entity $(bone_rightarm) {transformation: [-0.9243f,-0.3741f,-0.076f,-0.375f,-0.2013f,0.6468f,-0.7356f,1.1521f,0.3243f,-0.6646f,-0.6731f,0.4784f,0f,0f,0f,1f],start_interpolation: 0,interpolation_duration: 1}
$data merge entity $(item_display_tingle_book) {transformation: [-0.477f,-0.0644f,-0.1354f,-0.0213f,-0.1331f,-0.0256f,0.4813f,0.6239f,-0.0689f,0.4952f,0.0072f,0.7152f,0f,0f,0f,1f],start_interpolation: 0,interpolation_duration: 1}
$data merge entity $(bone_leftarm) {transformation: [-0.866f,0.4831f,0.1288f,0.375f,0.4923f,0.8689f,0.0511f,1.1521f,-0.0872f,0.1077f,-0.9904f,0.4784f,0f,0f,0f,1f],start_interpolation: 0,interpolation_duration: 1}
$data merge entity $(bone_head) {transformation: [-1f,0f,0f,0f,0f,0.7885f,0.6151f,1.2326f,0f,0.6151f,-0.7885f,0.5741f,0f,0f,0f,1f],start_interpolation: 0,interpolation_duration: 1}
$data merge entity $(item_display_tingles_pack) {transformation: [-0.5f,0f,0f,0f,0f,0.3217f,0.1914f,1.2631f,0f,0.3827f,-0.1609f,0.2219f,0f,0f,0f,1f],start_interpolation: 0,interpolation_duration: 1}
$data merge entity $(item_display_tingles_ballon_small) {transformation: [-1.01f,0f,0f,0f,0f,-1.01f,0f,2.1072f,0f,0f,1.01f,0.2074f,0f,0f,0f,1f],start_interpolation: 0,interpolation_duration: 1}
$data merge entity $(item_display_tingles_ballon_big) {transformation: [-2f,0f,0f,0f,0f,-1.625f,0f,2.9275f,0f,0f,2f,0.2125f,0f,0f,0f,1f],start_interpolation: 0,interpolation_duration: 1}
$data merge entity $(bone_torso) {transformation: [-1f,0f,0f,0f,0f,0.6434f,0.7655f,0.75f,0f,0.7655f,-0.6434f,0f,0f,0f,0f,1f],start_interpolation: 0,interpolation_duration: 1}