# This file was generated by Animated Java via MC-Build. It is not recommended to edit this file directly.
$data merge entity $(bone_lowerrightleg) {transformation: [-1f,0f,0f,-0.125f,0f,0.9676f,0.2525f,0.3754f,0f,0.2525f,-0.9676f,0.0176f,0f,0f,0f,1f],start_interpolation: 0,interpolation_duration: 1}
$data merge entity $(bone_rightleg) {transformation: [-1f,0f,0f,-0.125f,0f,0.9989f,-0.047f,0.75f,0f,-0.047f,-0.9989f,0f,0f,0f,0f,1f],start_interpolation: 0,interpolation_duration: 1}
$data merge entity $(bone_lowerleftleg) {transformation: [-1f,0f,0f,0.125f,0f,0.9948f,0.1017f,0.3777f,0f,0.1017f,-0.9948f,0.0447f,0f,0f,0f,1f],start_interpolation: 0,interpolation_duration: 1}
$data merge entity $(bone_leftleg) {transformation: [-1f,0f,0f,0.125f,0f,0.9929f,-0.1191f,0.75f,0f,-0.1191f,-0.9929f,0f,0f,0f,0f,1f],start_interpolation: 0,interpolation_duration: 1}
$data merge entity $(block_display_tingle_pen) {transformation: [-0.4938f,-0.0769f,0.0681f,-0.0711f,-0.0063f,-0.8288f,-0.2797f,1.2048f,0.078f,-0.5542f,0.4088f,0.7312f,0f,0f,0f,1f],start_interpolation: 0,interpolation_duration: 1}
$data merge entity $(bone_rightarm) {transformation: [-0.9877f,-0.1363f,-0.0769f,-0.375f,-0.0127f,0.5593f,-0.8288f,1.221f,0.1559f,-0.8177f,-0.5542f,0.4108f,0f,0f,0f,1f],start_interpolation: 0,interpolation_duration: 1}
$data merge entity $(item_display_tingle_book) {transformation: [-0.4771f,-0.0636f,-0.1352f,-0.0211f,-0.142f,0.0525f,0.4765f,0.7367f,-0.0464f,0.4932f,-0.0682f,0.7281f,0f,0f,0f,1f],start_interpolation: 0,interpolation_duration: 1}
$data merge entity $(bone_leftarm) {transformation: [-0.866f,0.4835f,0.1272f,0.375f,0.473f,0.8748f,-0.105f,1.221f,-0.162f,-0.0307f,-0.9863f,0.4108f,0f,0f,0f,1f],start_interpolation: 0,interpolation_duration: 1}
$data merge entity $(bone_head) {transformation: [-1f,0f,0f,0f,0f,0.559f,0.8291f,1.3153f,0f,0.8291f,-0.559f,0.4929f,0f,0f,0f,1f],start_interpolation: 0,interpolation_duration: 1}
$data merge entity $(item_display_tingles_pack) {transformation: [-0.5f,0f,0f,0f,0f,0.3768f,0.1643f,1.2911f,0f,0.3286f,-0.1884f,0.1402f,0f,0f,0f,1f],start_interpolation: 0,interpolation_duration: 1}
$data merge entity $(item_display_tingles_ballon_small) {transformation: [-1.01f,0f,0f,0f,0f,-1.01f,0f,2.1381f,0f,0f,1.01f,0.1911f,0f,0f,0f,1f],start_interpolation: 0,interpolation_duration: 1}
$data merge entity $(item_display_tingles_ballon_big) {transformation: [-2f,0f,0f,0f,0f,-1.625f,0f,2.9591f,0f,0f,2f,0.1869f,0f,0f,0f,1f],start_interpolation: 0,interpolation_duration: 1}
$data merge entity $(bone_torso) {transformation: [-1f,0f,0f,0f,0f,0.7537f,0.6572f,0.75f,0f,0.6572f,-0.7537f,0f,0f,0f,0f,1f],start_interpolation: 0,interpolation_duration: 1}