# This file was generated by Animated Java via MC-Build. It is not recommended to edit this file directly.
$data merge entity $(bone_lowerrightleg) {transformation: [-1f,0f,0f,-0.125f,0f,0.9397f,0.342f,0.3764f,0f,0.342f,-0.9397f,-0.0327f,0f,0f,0f,1f],start_interpolation: 0,interpolation_duration: 1}
$data merge entity $(bone_rightleg) {transformation: [-1f,0f,0f,-0.125f,0f,0.9962f,0.0872f,0.75f,0f,0.0872f,-0.9962f,0f,0f,0f,0f,1f],start_interpolation: 0,interpolation_duration: 1}
$data merge entity $(bone_lowerleftleg) {transformation: [-1f,0f,0f,0.125f,0f,0.9397f,0.342f,0.3764f,0f,0.342f,-0.9397f,-0.0327f,0f,0f,0f,1f],start_interpolation: 0,interpolation_duration: 1}
$data merge entity $(bone_leftleg) {transformation: [-1f,0f,0f,0.125f,0f,0.9962f,0.0872f,0.75f,0f,0.0872f,-0.9962f,0f,0f,0f,0f,1f],start_interpolation: 0,interpolation_duration: 1}
$data merge entity $(block_display_tingle_pen) {transformation: [-0.4655f,-0.0759f,0.1786f,-0.0164f,-0.0949f,-0.7349f,-0.3255f,1.1336f,0.156f,-0.6739f,0.3349f,0.7365f,0f,0f,0f,1f],start_interpolation: 0,interpolation_duration: 1}
$data merge entity $(bone_rightarm) {transformation: [-0.9309f,-0.3572f,-0.0759f,-0.375f,-0.1899f,0.6511f,-0.7349f,1.1517f,0.3119f,-0.6697f,-0.6739f,0.4788f,0f,0f,0f,1f],start_interpolation: 0,interpolation_duration: 1}
$data merge entity $(item_display_tingle_book) {transformation: [-0.4769f,-0.0647f,-0.1354f,-0.0214f,-0.1331f,-0.0265f,0.4812f,0.623f,-0.0695f,0.4951f,0.0081f,0.7143f,0f,0f,0f,1f],start_interpolation: 0,interpolation_duration: 1}
$data merge entity $(bone_leftarm) {transformation: [-0.866f,0.483f,0.1294f,0.375f,0.4924f,0.8688f,0.053f,1.1517f,-0.0868f,0.1096f,-0.9902f,0.4788f,0f,0f,0f,1f],start_interpolation: 0,interpolation_duration: 1}
$data merge entity $(bone_head) {transformation: [-1f,0f,0f,0f,0f,0.7934f,0.6088f,1.2321f,0f,0.6088f,-0.7934f,0.5745f,0f,0f,0f,1f],start_interpolation: 0,interpolation_duration: 1}
$data merge entity $(item_display_tingles_pack) {transformation: [-0.5f,0f,0f,0f,0f,0.3214f,0.1915f,1.2629f,0f,0.383f,-0.1607f,0.2223f,0f,0f,0f,1f],start_interpolation: 0,interpolation_duration: 1}
$data merge entity $(item_display_tingles_ballon_small) {transformation: [-1.01f,0f,0f,0f,0f,-1.01f,0f,2.1071f,0f,0f,1.01f,0.2075f,0f,0f,0f,1f],start_interpolation: 0,interpolation_duration: 1}
$data merge entity $(item_display_tingles_ballon_big) {transformation: [-2f,0f,0f,0f,0f,-1.625f,0f,2.9274f,0f,0f,2f,0.2127f,0f,0f,0f,1f],start_interpolation: 0,interpolation_duration: 1}
$data merge entity $(bone_torso) {transformation: [-1f,0f,0f,0f,0f,0.6428f,0.766f,0.75f,0f,0.766f,-0.6428f,0f,0f,0f,0f,1f],start_interpolation: 0,interpolation_duration: 1}