# This file was generated by Animated Java via MC-Build. It is not recommended to edit this file directly.
$data merge entity $(bone_lowerrightleg) {transformation: [-1f,0f,0f,-0.125f,0f,0.9598f,0.2808f,0.3758f,0f,0.2808f,-0.9598f,-0.0237f,0f,0f,0f,1f],start_interpolation: 0,interpolation_duration: 1}
$data merge entity $(bone_rightleg) {transformation: [-1f,0f,0f,-0.125f,0f,0.998f,0.0633f,0.75f,0f,0.0633f,-0.998f,0f,0f,0f,0f,1f],start_interpolation: 0,interpolation_duration: 1}
$data merge entity $(bone_lowerleftleg) {transformation: [-1f,0f,0f,0.125f,0f,0.9131f,0.4077f,0.3776f,0f,0.4077f,-0.9131f,-0.044f,0f,0f,0f,1f],start_interpolation: 0,interpolation_duration: 1}
$data merge entity $(bone_leftleg) {transformation: [-1f,0f,0f,0.125f,0f,0.9931f,0.1173f,0.75f,0f,0.1173f,-0.9931f,0f,0f,0f,0f,1f],start_interpolation: 0,interpolation_duration: 1}
$data merge entity $(block_display_tingle_pen) {transformation: [-0.4385f,-0.0761f,0.2371f,0.0067f,-0.1353f,-0.7375f,-0.3094f,1.1659f,0.1984f,-0.6711f,0.3131f,0.6998f,0f,0f,0f,1f],start_interpolation: 0,interpolation_duration: 1}
$data merge entity $(bone_rightarm) {transformation: [-0.8771f,-0.4743f,-0.0761f,-0.375f,-0.2706f,0.6188f,-0.7375f,1.1533f,0.3968f,-0.6262f,-0.6711f,0.4774f,0f,0f,0f,1f],start_interpolation: 0,interpolation_duration: 1}
$data merge entity $(item_display_tingle_book) {transformation: [-0.4771f,-0.0636f,-0.1352f,-0.0211f,-0.1334f,-0.0229f,0.4813f,0.6264f,-0.0674f,0.4954f,0.0049f,0.7176f,0f,0f,0f,1f],start_interpolation: 0,interpolation_duration: 1}
$data merge entity $(bone_leftarm) {transformation: [-0.866f,0.4835f,0.1272f,0.375f,0.4921f,0.8693f,0.0458f,1.1533f,-0.0885f,0.1023f,-0.9908f,0.4774f,0f,0f,0f,1f],start_interpolation: 0,interpolation_duration: 1}
$data merge entity $(bone_misc_head_items) {transformation: [-1f,0f,0f,0f,0f,0.7748f,0.6322f,1.234f,0f,0.6322f,-0.7748f,0.5729f,0f,0f,0f,1f],start_interpolation: 0,interpolation_duration: 1}
$data merge entity $(bone_head) {transformation: [-1f,0f,0f,0f,0f,0.7748f,0.6322f,1.234f,0f,0.6322f,-0.7748f,0.5729f,0f,0f,0f,1f],start_interpolation: 0,interpolation_duration: 1}
$data merge entity $(item_display_tingles_pack) {transformation: [-0.5f,0f,0f,0f,0f,0.3227f,0.191f,1.2636f,0f,0.382f,-0.1613f,0.2206f,0f,0f,0f,1f],start_interpolation: 0,interpolation_duration: 1}
$data merge entity $(item_display_tingles_ballon_small) {transformation: [-1.01f,0f,0f,0f,0f,-1.01f,0f,2.1076f,0f,0f,1.01f,0.2072f,0f,0f,0f,1f],start_interpolation: 0,interpolation_duration: 1}
$data merge entity $(item_display_tingles_ballon_big) {transformation: [-2f,0f,0f,0f,0f,-1.625f,0f,2.9279f,0f,0f,2f,0.2122f,0f,0f,0f,1f],start_interpolation: 0,interpolation_duration: 1}
$data merge entity $(bone_torso) {transformation: [-1f,0f,0f,0f,0f,0.6453f,0.7639f,0.75f,0f,0.7639f,-0.6453f,0f,0f,0f,0f,1f],start_interpolation: 0,interpolation_duration: 1}