# This file was generated by Animated Java via MC-Build. It is not recommended to edit this file directly.
$data merge entity $(bone_lowerrightleg) {transformation: [-1f,0f,0f,-0.125f,0f,0.9698f,0.2438f,0.3754f,0f,0.2438f,-0.9698f,-0.0179f,0f,0f,0f,1f],start_interpolation: 0,interpolation_duration: 1}
$data merge entity $(bone_rightleg) {transformation: [-1f,0f,0f,-0.125f,0f,0.9989f,0.0478f,0.75f,0f,0.0478f,-0.9989f,0f,0f,0f,0f,1f],start_interpolation: 0,interpolation_duration: 1}
$data merge entity $(bone_lowerleftleg) {transformation: [-1f,0f,0f,0.125f,0f,0.899f,0.4379f,0.3781f,0f,0.4379f,-0.899f,-0.0479f,0f,0f,0f,1f],start_interpolation: 0,interpolation_duration: 1}
$data merge entity $(bone_leftleg) {transformation: [-1f,0f,0f,0.125f,0f,0.9918f,0.1278f,0.75f,0f,0.1278f,-0.9918f,0f,0f,0f,0f,1f],start_interpolation: 0,interpolation_duration: 1}
$data merge entity $(block_display_tingle_pen) {transformation: [-0.4274f,-0.0759f,0.2567f,0.0134f,-0.1485f,-0.7398f,-0.3019f,1.1795f,0.2128f,-0.6686f,0.3049f,0.6854f,0f,0f,0f,1f],start_interpolation: 0,interpolation_duration: 1}
$data merge entity $(bone_rightarm) {transformation: [-0.8548f,-0.5134f,-0.0759f,-0.375f,-0.297f,0.6038f,-0.7398f,1.1552f,0.4256f,-0.6098f,-0.6686f,0.4758f,0f,0f,0f,1f],start_interpolation: 0,interpolation_duration: 1}
$data merge entity $(item_display_tingle_book) {transformation: [-0.4774f,-0.0624f,-0.135f,-0.0207f,-0.1337f,-0.0188f,0.4814f,0.6305f,-0.0652f,0.4957f,0.0013f,0.7213f,0f,0f,0f,1f],start_interpolation: 0,interpolation_duration: 1}
$data merge entity $(bone_leftarm) {transformation: [-0.866f,0.4842f,0.1249f,0.375f,0.4918f,0.8699f,0.0376f,1.1552f,-0.0904f,0.094f,-0.9915f,0.4758f,0f,0f,0f,1f],start_interpolation: 0,interpolation_duration: 1}
$data merge entity $(bone_misc_head_items) {transformation: [-1f,0f,0f,0f,0f,0.7538f,0.6571f,1.2363f,0f,0.6571f,-0.7538f,0.571f,0f,0f,0f,1f],start_interpolation: 0,interpolation_duration: 1}
$data merge entity $(bone_head) {transformation: [-1f,0f,0f,0f,0f,0.7538f,0.6571f,1.2363f,0f,0.6571f,-0.7538f,0.571f,0f,0f,0f,1f],start_interpolation: 0,interpolation_duration: 1}
$data merge entity $(item_display_tingles_pack) {transformation: [-0.5f,0f,0f,0f,0f,0.3242f,0.1903f,1.2645f,0f,0.3807f,-0.1621f,0.2186f,0f,0f,0f,1f],start_interpolation: 0,interpolation_duration: 1}
$data merge entity $(item_display_tingles_ballon_small) {transformation: [-1.01f,0f,0f,0f,0f,-1.01f,0f,2.1083f,0f,0f,1.01f,0.2068f,0f,0f,0f,1f],start_interpolation: 0,interpolation_duration: 1}
$data merge entity $(item_display_tingles_ballon_big) {transformation: [-2f,0f,0f,0f,0f,-1.625f,0f,2.9285f,0f,0f,2f,0.2116f,0f,0f,0f,1f],start_interpolation: 0,interpolation_duration: 1}
$data merge entity $(bone_torso) {transformation: [-1f,0f,0f,0f,0f,0.6483f,0.7614f,0.75f,0f,0.7614f,-0.6483f,0f,0f,0f,0f,1f],start_interpolation: 0,interpolation_duration: 1}