# This file was generated by Animated Java via MC-Build. It is not recommended to edit this file directly.
$data merge entity $(bone_lowerrightleg) {transformation: [-1f,0f,0f,-0.125f,0f,0.9863f,0.1651f,0.375f,0f,0.1651f,-0.9863f,-0.0049f,0f,0f,0f,1f],start_interpolation: 0,interpolation_duration: 1}
$data merge entity $(bone_rightleg) {transformation: [-1f,0f,0f,-0.125f,0f,0.9999f,0.0131f,0.75f,0f,0.0131f,-0.9999f,0f,0f,0f,0f,1f],start_interpolation: 0,interpolation_duration: 1}
$data merge entity $(bone_lowerleftleg) {transformation: [-1f,0f,0f,0.125f,0f,0.8722f,0.4892f,0.3787f,0f,0.4892f,-0.8722f,-0.0524f,0f,0f,0f,1f],start_interpolation: 0,interpolation_duration: 1}
$data merge entity $(bone_leftleg) {transformation: [-1f,0f,0f,0.125f,0f,0.9902f,0.1398f,0.75f,0f,0.1398f,-0.9902f,0f,0f,0f,0f,1f],start_interpolation: 0,interpolation_duration: 1}
$data merge entity $(block_display_tingle_pen) {transformation: [-0.4423f,-0.0761f,0.23f,0.0042f,-0.1272f,-0.748f,-0.3065f,1.1731f,0.1954f,-0.6593f,0.3212f,0.6977f,0f,0f,0f,1f],start_interpolation: 0,interpolation_duration: 1}
$data merge entity $(bone_rightarm) {transformation: [-0.8846f,-0.46f,-0.0761f,-0.375f,-0.2544f,0.6129f,-0.748f,1.1608f,0.3908f,-0.6424f,-0.6593f,0.471f,0f,0f,0f,1f],start_interpolation: 0,interpolation_duration: 1}
$data merge entity $(item_display_tingle_book) {transformation: [-0.4779f,-0.0594f,-0.1345f,-0.0198f,-0.1346f,-0.0075f,0.4815f,0.6422f,-0.0593f,0.4964f,-0.0088f,0.7306f,0f,0f,0f,1f],start_interpolation: 0,interpolation_duration: 1}
$data merge entity $(bone_leftarm) {transformation: [-0.866f,0.4857f,0.1188f,0.375f,0.4907f,0.8712f,0.0151f,1.1608f,-0.0962f,0.0714f,-0.9928f,0.471f,0f,0f,0f,1f],start_interpolation: 0,interpolation_duration: 1}
$data merge entity $(bone_head) {transformation: [-1f,0f,0f,0f,0f,0.6954f,0.7186f,1.243f,0f,0.7186f,-0.6954f,0.5652f,0f,0f,0f,1f],start_interpolation: 0,interpolation_duration: 1}
$data merge entity $(item_display_tingles_pack) {transformation: [-0.5f,0f,0f,0f,0f,0.3286f,0.1884f,1.2671f,0f,0.3768f,-0.1643f,0.2125f,0f,0f,0f,1f],start_interpolation: 0,interpolation_duration: 1}
$data merge entity $(item_display_tingles_ballon_small) {transformation: [-1.01f,0f,0f,0f,0f,-1.01f,0f,2.1102f,0f,0f,1.01f,0.2057f,0f,0f,0f,1f],start_interpolation: 0,interpolation_duration: 1}
$data merge entity $(item_display_tingles_ballon_big) {transformation: [-2f,0f,0f,0f,0f,-1.625f,0f,2.9305f,0f,0f,2f,0.2098f,0f,0f,0f,1f],start_interpolation: 0,interpolation_duration: 1}
$data merge entity $(bone_torso) {transformation: [-1f,0f,0f,0f,0f,0.6573f,0.7536f,0.75f,0f,0.7536f,-0.6573f,0f,0f,0f,0f,1f],start_interpolation: 0,interpolation_duration: 1}