# This file was generated by Animated Java via MC-Build. It is not recommended to edit this file directly.
$data merge entity $(bone_lowerrightleg) {transformation: [-1f,0f,0f,-0.125f,0f,0.9964f,0.0845f,0.3765f,0f,0.0845f,-0.9964f,0.0339f,0f,0f,0f,1f],start_interpolation: 0,interpolation_duration: 1}
$data merge entity $(bone_rightleg) {transformation: [-1f,0f,0f,-0.125f,0f,0.9959f,-0.0905f,0.75f,0f,-0.0905f,-0.9959f,0f,0f,0f,0f,1f],start_interpolation: 0,interpolation_duration: 1}
$data merge entity $(bone_lowerleftleg) {transformation: [-1f,0f,0f,0.125f,0f,0.935f,0.3547f,0.375f,0f,0.3547f,-0.935f,-0.0053f,0f,0f,0f,1f],start_interpolation: 0,interpolation_duration: 1}
$data merge entity $(bone_leftleg) {transformation: [-1f,0f,0f,0.125f,0f,0.9999f,0.0142f,0.75f,0f,0.0142f,-0.9999f,0f,0f,0f,0f,1f],start_interpolation: 0,interpolation_duration: 1}
$data merge entity $(block_display_tingle_pen) {transformation: [-0.4882f,-0.0763f,0.101f,-0.0535f,-0.0258f,-0.8257f,-0.2809f,1.2043f,0.1048f,-0.5589f,0.4012f,0.7239f,0f,0f,0f,1f],start_interpolation: 0,interpolation_duration: 1}
$data merge entity $(bone_rightarm) {transformation: [-0.9764f,-0.2019f,-0.0763f,-0.375f,-0.0517f,0.5617f,-0.8257f,1.2121f,0.2096f,-0.8023f,-0.5589f,0.4208f,0f,0f,0f,1f],start_interpolation: 0,interpolation_duration: 1}
$data merge entity $(item_display_tingle_book) {transformation: [-0.4776f,-0.061f,-0.1348f,-0.0203f,-0.1407f,0.0466f,0.4775f,0.7246f,-0.0457f,0.4941f,-0.0617f,0.7342f,0f,0f,0f,1f],start_interpolation: 0,interpolation_duration: 1}
$data merge entity $(bone_leftarm) {transformation: [-0.866f,0.4849f,0.122f,0.375f,0.4764f,0.8743f,-0.0932f,1.2121f,-0.1519f,-0.0226f,-0.9881f,0.4208f,0f,0f,0f,1f],start_interpolation: 0,interpolation_duration: 1}
$data merge entity $(bone_head) {transformation: [-1f,0f,0f,0f,0f,0.5464f,0.8375f,1.3045f,0f,0.8375f,-0.5464f,0.505f,0f,0f,0f,1f],start_interpolation: 0,interpolation_duration: 1}
$data merge entity $(item_display_tingles_pack) {transformation: [-0.5f,0f,0f,0f,0f,0.3697f,0.1683f,1.288f,0f,0.3366f,-0.1848f,0.1518f,0f,0f,0f,1f],start_interpolation: 0,interpolation_duration: 1}
$data merge entity $(item_display_tingles_ballon_small) {transformation: [-1.01f,0f,0f,0f,0f,-1.01f,0f,2.1334f,0f,0f,1.01f,0.1936f,0f,0f,0f,1f],start_interpolation: 0,interpolation_duration: 1}
$data merge entity $(item_display_tingles_ballon_big) {transformation: [-2f,0f,0f,0f,0f,-1.625f,0f,2.9546f,0f,0f,2f,0.1908f,0f,0f,0f,1f],start_interpolation: 0,interpolation_duration: 1}
$data merge entity $(bone_torso) {transformation: [-1f,0f,0f,0f,0f,0.7394f,0.6733f,0.75f,0f,0.6733f,-0.7394f,0f,0f,0f,0f,1f],start_interpolation: 0,interpolation_duration: 1}