# This file was generated by Animated Java via MC-Build. It is not recommended to edit this file directly.
$data merge entity $(bone_lowerrightleg) {transformation: [-1f,0f,0f,-0.125f,0f,0.9941f,0.1083f,0.3765f,0f,0.1083f,-0.9941f,0.0337f,0f,0f,0f,1f],start_interpolation: 0,interpolation_duration: 1}
$data merge entity $(bone_rightleg) {transformation: [-1f,0f,0f,-0.125f,0f,0.996f,-0.0898f,0.75f,0f,-0.0898f,-0.996f,0f,0f,0f,0f,1f],start_interpolation: 0,interpolation_duration: 1}
$data merge entity $(bone_lowerleftleg) {transformation: [-1f,0f,0f,0.125f,0f,0.9506f,0.3103f,0.375f,0f,0.3103f,-0.9506f,0.0036f,0f,0f,0f,1f],start_interpolation: 0,interpolation_duration: 1}
$data merge entity $(bone_leftleg) {transformation: [-1f,0f,0f,0.125f,0f,1f,-0.0096f,0.75f,0f,-0.0096f,-1f,0f,0f,0f,0f,1f],start_interpolation: 0,interpolation_duration: 1}
$data merge entity $(block_display_tingle_pen) {transformation: [-0.495f,-0.0767f,0.059f,-0.0762f,-0.0009f,-0.8315f,-0.2778f,1.1994f,0.0703f,-0.5503f,0.4115f,0.7409f,0f,0f,0f,1f],start_interpolation: 0,interpolation_duration: 1}
$data merge entity $(bone_rightarm) {transformation: [-0.9901f,-0.118f,-0.0767f,-0.375f,-0.0018f,0.5556f,-0.8315f,1.2167f,0.1407f,-0.823f,-0.5503f,0.4157f,0f,0f,0f,1f],start_interpolation: 0,interpolation_duration: 1}
$data merge entity $(item_display_tingle_book) {transformation: [-0.4774f,-0.0624f,-0.135f,-0.0207f,-0.1414f,0.0494f,0.477f,0.7307f,-0.0462f,0.4936f,-0.0649f,0.7309f,0f,0f,0f,1f],start_interpolation: 0,interpolation_duration: 1}
$data merge entity $(bone_leftarm) {transformation: [-0.866f,0.4842f,0.1249f,0.375f,0.4747f,0.8746f,-0.0989f,1.2167f,-0.1571f,-0.0264f,-0.9872f,0.4157f,0f,0f,0f,1f],start_interpolation: 0,interpolation_duration: 1}
$data merge entity $(bone_misc_head_items) {transformation: [-1f,0f,0f,0f,0f,0.5523f,0.8337f,1.3101f,0f,0.8337f,-0.5523f,0.4988f,0f,0f,0f,1f],start_interpolation: 0,interpolation_duration: 1}
$data merge entity $(bone_head) {transformation: [-1f,0f,0f,0f,0f,0.5523f,0.8337f,1.3101f,0f,0.8337f,-0.5523f,0.4988f,0f,0f,0f,1f],start_interpolation: 0,interpolation_duration: 1}
$data merge entity $(item_display_tingles_pack) {transformation: [-0.5f,0f,0f,0f,0f,0.3734f,0.1663f,1.2896f,0f,0.3326f,-0.1867f,0.1459f,0f,0f,0f,1f],start_interpolation: 0,interpolation_duration: 1}
$data merge entity $(item_display_tingles_ballon_small) {transformation: [-1.01f,0f,0f,0f,0f,-1.01f,0f,2.1358f,0f,0f,1.01f,0.1923f,0f,0f,0f,1f],start_interpolation: 0,interpolation_duration: 1}
$data merge entity $(item_display_tingles_ballon_big) {transformation: [-2f,0f,0f,0f,0f,-1.625f,0f,2.957f,0f,0f,2f,0.1888f,0f,0f,0f,1f],start_interpolation: 0,interpolation_duration: 1}
$data merge entity $(bone_torso) {transformation: [-1f,0f,0f,0f,0f,0.7467f,0.6651f,0.75f,0f,0.6651f,-0.7467f,0f,0f,0f,0f,1f],start_interpolation: 0,interpolation_duration: 1}