# This file was generated by Animated Java via MC-Build. It is not recommended to edit this file directly.
$data merge entity $(bone_lowerrightleg) {transformation: [-1f,0f,0f,-0.125f,0f,0.9841f,0.1773f,0.3763f,0f,0.1773f,-0.9841f,0.0313f,0f,0f,0f,1f],start_interpolation: 0,interpolation_duration: 1}
$data merge entity $(bone_rightleg) {transformation: [-1f,0f,0f,-0.125f,0f,0.9965f,-0.0834f,0.75f,0f,-0.0834f,-0.9965f,0f,0f,0f,0f,1f],start_interpolation: 0,interpolation_duration: 1}
$data merge entity $(bone_lowerleftleg) {transformation: [-1f,0f,0f,0.125f,0f,0.9982f,0.0604f,0.3826f,0f,0.0604f,-0.9982f,0.075f,0f,0f,0f,1f],start_interpolation: 0,interpolation_duration: 1}
$data merge entity $(bone_leftleg) {transformation: [-1f,0f,0f,0.125f,0f,0.9798f,-0.2f,0.75f,0f,-0.2f,-0.9798f,0f,0f,0f,0f,1f],start_interpolation: 0,interpolation_duration: 1}
$data merge entity $(block_display_tingle_pen) {transformation: [-0.4953f,-0.0723f,-0.0582f,-0.1502f,0.0616f,-0.8422f,-0.2625f,1.2035f,-0.03f,-0.5343f,0.4216f,0.7661f,0f,0f,0f,1f],start_interpolation: 0,interpolation_duration: 1}
$data merge entity $(bone_rightarm) {transformation: [-0.9906f,0.1163f,-0.0723f,-0.375f,0.1231f,0.5249f,-0.8422f,1.2404f,-0.06f,-0.8432f,-0.5343f,0.3874f,0f,0f,0f,1f],start_interpolation: 0,interpolation_duration: 1}
$data merge entity $(item_display_tingle_book) {transformation: [-0.4774f,-0.0624f,-0.135f,-0.0207f,-0.1439f,0.0785f,0.4724f,0.7738f,-0.0378f,0.4898f,-0.0929f,0.7307f,0f,0f,0f,1f],start_interpolation: 0,interpolation_duration: 1}
$data merge entity $(bone_leftarm) {transformation: [-0.866f,0.4842f,0.1249f,0.375f,0.4646f,0.8715f,-0.157f,1.2404f,-0.1848f,-0.0779f,-0.9797f,0.3874f,0f,0f,0f,1f],start_interpolation: 0,interpolation_duration: 1}
$data merge entity $(bone_misc_head_items) {transformation: [-1f,0f,0f,0f,0f,0.6125f,0.7905f,1.3385f,0f,0.7905f,-0.6125f,0.4649f,0f,0f,0f,1f],start_interpolation: 0,interpolation_duration: 1}
$data merge entity $(bone_head) {transformation: [-1f,0f,0f,0f,0f,0.6125f,0.7905f,1.3385f,0f,0.7905f,-0.6125f,0.4649f,0f,0f,0f,1f],start_interpolation: 0,interpolation_duration: 1}
$data merge entity $(item_display_tingles_pack) {transformation: [-0.5f,0f,0f,0f,0f,0.3923f,0.155f,1.2973f,0f,0.3099f,-0.1962f,0.1138f,0f,0f,0f,1f],start_interpolation: 0,interpolation_duration: 1}
$data merge entity $(item_display_tingles_ballon_small) {transformation: [-1.01f,0f,0f,0f,0f,-1.01f,0f,2.146f,0f,0f,1.01f,0.1853f,0f,0f,0f,1f],start_interpolation: 0,interpolation_duration: 1}
$data merge entity $(item_display_tingles_ballon_big) {transformation: [-2f,0f,0f,0f,0f,-1.625f,0f,2.9634f,0f,0f,2f,0.1788f,0f,0f,0f,1f],start_interpolation: 0,interpolation_duration: 1}
$data merge entity $(bone_torso) {transformation: [-1f,0f,0f,0f,0f,0.7847f,0.6199f,0.75f,0f,0.6199f,-0.7847f,0f,0f,0f,0f,1f],start_interpolation: 0,interpolation_duration: 1}