# This file was generated by Animated Java via MC-Build. It is not recommended to edit this file directly.
$data merge entity $(bone_lowerrightleg) {transformation: [-1f,0f,0f,-0.125f,0f,0.9849f,0.173f,0.3764f,0f,0.173f,-0.9849f,0.0329f,0f,0f,0f,1f],start_interpolation: 0,interpolation_duration: 1}
$data merge entity $(bone_rightleg) {transformation: [-1f,0f,0f,-0.125f,0f,0.9961f,-0.0878f,0.75f,0f,-0.0878f,-0.9961f,0f,0f,0f,0f,1f],start_interpolation: 0,interpolation_duration: 1}
$data merge entity $(bone_lowerleftleg) {transformation: [-1f,0f,0f,0.125f,0f,0.9877f,-0.1567f,0.4075f,0f,-0.1567f,-0.9877f,0.1526f,0f,0f,0f,1f],start_interpolation: 0,interpolation_duration: 1}
$data merge entity $(bone_leftleg) {transformation: [-1f,0f,0f,0.125f,0f,0.9135f,-0.4069f,0.75f,0f,-0.4069f,-0.9135f,0f,0f,0f,0f,1f],start_interpolation: 0,interpolation_duration: 1}
$data merge entity $(block_display_tingle_pen) {transformation: [-0.497f,-0.0692f,-0.0426f,-0.1402f,0.0519f,-0.8447f,-0.2625f,1.2301f,-0.0178f,-0.5308f,0.4234f,0.7319f,0f,0f,0f,1f],start_interpolation: 0,interpolation_duration: 1}
$data merge entity $(bone_rightarm) {transformation: [-0.994f,0.0852f,-0.0692f,-0.375f,0.1038f,0.5251f,-0.8447f,1.2617f,-0.0357f,-0.8468f,-0.5308f,0.3588f,0f,0f,0f,1f],start_interpolation: 0,interpolation_duration: 1}
$data merge entity $(item_display_tingle_book) {transformation: [-0.4786f,-0.0552f,-0.1338f,-0.0184f,-0.1434f,0.1191f,0.464f,0.8276f,-0.0194f,0.4825f,-0.1298f,0.7448f,0f,0f,0f,1f],start_interpolation: 0,interpolation_duration: 1}
$data merge entity $(bone_leftarm) {transformation: [-0.866f,0.4877f,0.1104f,0.375f,0.4533f,0.859f,-0.2382f,1.2617f,-0.211f,-0.1562f,-0.9649f,0.3588f,0f,0f,0f,1f],start_interpolation: 0,interpolation_duration: 1}
$data merge entity $(bone_head) {transformation: [-1f,0f,0f,0f,0f,0.7002f,0.714f,1.3641f,0f,0.714f,-0.7002f,0.4306f,0f,0f,0f,1f],start_interpolation: 0,interpolation_duration: 1}
$data merge entity $(item_display_tingles_pack) {transformation: [-0.5f,0f,0f,0f,0f,0.4094f,0.1435f,1.3029f,0f,0.2871f,-0.2047f,0.0824f,0f,0f,0f,1f],start_interpolation: 0,interpolation_duration: 1}
$data merge entity $(item_display_tingles_ballon_small) {transformation: [-1.01f,0f,0f,0f,0f,-1.01f,0f,2.1534f,0f,0f,1.01f,0.1789f,0f,0f,0f,1f],start_interpolation: 0,interpolation_duration: 1}
$data merge entity $(item_display_tingles_ballon_big) {transformation: [-2f,0f,0f,0f,0f,-1.625f,0f,2.963f,0f,0f,2f,0.1708f,0f,0f,0f,1f],start_interpolation: 0,interpolation_duration: 1}
$data merge entity $(bone_torso) {transformation: [-1f,0f,0f,0f,0f,0.8188f,0.5741f,0.75f,0f,0.5741f,-0.8188f,0f,0f,0f,0f,1f],start_interpolation: 0,interpolation_duration: 1}