# This file was generated by Animated Java via MC-Build. It is not recommended to edit this file directly.
$data merge entity $(bone_lowerrightleg) {transformation: [-1f,0f,0f,-0.125f,0f,0.986f,0.1667f,0.3767f,0f,0.1667f,-0.986f,0.0353f,0f,0f,0f,1f],start_interpolation: 0,interpolation_duration: 1}
$data merge entity $(bone_rightleg) {transformation: [-1f,0f,0f,-0.125f,0f,0.9956f,-0.0942f,0.75f,0f,-0.0942f,-0.9956f,0f,0f,0f,0f,1f],start_interpolation: 0,interpolation_duration: 1}
$data merge entity $(bone_lowerleftleg) {transformation: [-1f,0f,0f,0.125f,0f,0.983f,-0.1838f,0.4118f,0f,-0.1838f,-0.983f,0.162f,0f,0f,0f,1f],start_interpolation: 0,interpolation_duration: 1}
$data merge entity $(bone_leftleg) {transformation: [-1f,0f,0f,0.125f,0f,0.9019f,-0.4319f,0.75f,0f,-0.4319f,-0.9019f,0f,0f,0f,0f,1f],start_interpolation: 0,interpolation_duration: 1}
$data merge entity $(block_display_tingle_pen) {transformation: [-0.4972f,-0.0694f,-0.0393f,-0.1379f,0.0502f,-0.8479f,-0.2603f,1.237f,-0.0153f,-0.5256f,0.4251f,0.7248f,0f,0f,0f,1f],start_interpolation: 0,interpolation_duration: 1}
$data merge entity $(bone_rightarm) {transformation: [-0.9945f,0.0787f,-0.0694f,-0.375f,0.1004f,0.5206f,-0.8479f,1.2658f,-0.0305f,-0.8502f,-0.5256f,0.353f,0f,0f,0f,1f],start_interpolation: 0,interpolation_duration: 1}
$data merge entity $(item_display_tingle_book) {transformation: [-0.4787f,-0.0544f,-0.1336f,-0.0181f,-0.1433f,0.126f,0.4621f,0.8375f,-0.0166f,0.4808f,-0.1362f,0.7457f,0f,0f,0f,1f],start_interpolation: 0,interpolation_duration: 1}
$data merge entity $(bone_leftarm) {transformation: [-0.866f,0.488f,0.1088f,0.375f,0.4509f,0.8563f,-0.252f,1.2658f,-0.2162f,-0.1692f,-0.9616f,0.353f,0f,0f,0f,1f],start_interpolation: 0,interpolation_duration: 1}
$data merge entity $(bone_misc_head_items) {transformation: [-1f,0f,0f,0f,0f,0.7129f,0.7012f,1.3689f,0f,0.7012f,-0.7129f,0.4236f,0f,0f,0f,1f],start_interpolation: 0,interpolation_duration: 1}
$data merge entity $(bone_head) {transformation: [-1f,0f,0f,0f,0f,0.7129f,0.7012f,1.3689f,0f,0.7012f,-0.7129f,0.4236f,0f,0f,0f,1f],start_interpolation: 0,interpolation_duration: 1}
$data merge entity $(item_display_tingles_pack) {transformation: [-0.5f,0f,0f,0f,0f,0.4126f,0.1412f,1.3038f,0f,0.2824f,-0.2063f,0.0761f,0f,0f,0f,1f],start_interpolation: 0,interpolation_duration: 1}
$data merge entity $(item_display_tingles_ballon_small) {transformation: [-1.01f,0f,0f,0f,0f,-1.01f,0f,2.155f,0f,0f,1.01f,0.1777f,0f,0f,0f,1f],start_interpolation: 0,interpolation_duration: 1}
$data merge entity $(item_display_tingles_ballon_big) {transformation: [-2f,0f,0f,0f,0f,-1.625f,0f,2.9631f,0f,0f,2f,0.1694f,0f,0f,0f,1f],start_interpolation: 0,interpolation_duration: 1}
$data merge entity $(bone_torso) {transformation: [-1f,0f,0f,0f,0f,0.8252f,0.5648f,0.75f,0f,0.5648f,-0.8252f,0f,0f,0f,0f,1f],start_interpolation: 0,interpolation_duration: 1}