# This file was generated by Animated Java via MC-Build. It is not recommended to edit this file directly.
$data merge entity $(bone_lowerrightleg) {transformation: [-1f,0f,0f,-0.125f,0f,0.9894f,0.1452f,0.3775f,0f,0.1452f,-0.9894f,0.0434f,0f,0f,0f,1f],start_interpolation: 0,interpolation_duration: 1}
$data merge entity $(bone_rightleg) {transformation: [-1f,0f,0f,-0.125f,0f,0.9933f,-0.1159f,0.75f,0f,-0.1159f,-0.9933f,0f,0f,0f,0f,1f],start_interpolation: 0,interpolation_duration: 1}
$data merge entity $(bone_lowerleftleg) {transformation: [-1f,0f,0f,0.125f,0f,0.9787f,-0.2051f,0.4154f,0f,-0.2051f,-0.9787f,0.1693f,0f,0f,0f,1f],start_interpolation: 0,interpolation_duration: 1}
$data merge entity $(bone_leftleg) {transformation: [-1f,0f,0f,0.125f,0f,0.8923f,-0.4515f,0.75f,0f,-0.4515f,-0.8923f,0f,0f,0f,0f,1f],start_interpolation: 0,interpolation_duration: 1}
$data merge entity $(block_display_tingle_pen) {transformation: [-0.4973f,-0.0697f,-0.038f,-0.137f,0.0493f,-0.859f,-0.2512f,1.2527f,-0.0151f,-0.5073f,0.4306f,0.7135f,0f,0f,0f,1f],start_interpolation: 0,interpolation_duration: 1}
$data merge entity $(bone_rightarm) {transformation: [-0.9947f,0.0759f,-0.0697f,-0.375f,0.0985f,0.5025f,-0.859f,1.2733f,-0.0302f,-0.8612f,-0.5073f,0.3417f,0f,0f,0f,1f],start_interpolation: 0,interpolation_duration: 1}
$data merge entity $(item_display_tingle_book) {transformation: [-0.4787f,-0.0544f,-0.1336f,-0.0181f,-0.1437f,0.1364f,0.4591f,0.8537f,-0.0135f,0.4779f,-0.1463f,0.7436f,0f,0f,0f,1f],start_interpolation: 0,interpolation_duration: 1}
$data merge entity $(bone_leftarm) {transformation: [-0.866f,0.488f,0.1088f,0.375f,0.4461f,0.8524f,-0.2729f,1.2733f,-0.2259f,-0.1878f,-0.9559f,0.3417f,0f,0f,0f,1f],start_interpolation: 0,interpolation_duration: 1}
$data merge entity $(bone_misc_head_items) {transformation: [-1f,0f,0f,0f,0f,0.728f,0.6855f,1.378f,0f,0.6855f,-0.728f,0.41f,0f,0f,0f,1f],start_interpolation: 0,interpolation_duration: 1}
$data merge entity $(bone_head) {transformation: [-1f,0f,0f,0f,0f,0.728f,0.6855f,1.378f,0f,0.6855f,-0.728f,0.41f,0f,0f,0f,1f],start_interpolation: 0,interpolation_duration: 1}
$data merge entity $(item_display_tingles_pack) {transformation: [-0.5f,0f,0f,0f,0f,0.4187f,0.1367f,1.3053f,0f,0.2733f,-0.2093f,0.064f,0f,0f,0f,1f],start_interpolation: 0,interpolation_duration: 1}
$data merge entity $(item_display_tingles_ballon_small) {transformation: [-1.01f,0f,0f,0f,0f,-1.01f,0f,2.1582f,0f,0f,1.01f,0.1753f,0f,0f,0f,1f],start_interpolation: 0,interpolation_duration: 1}
$data merge entity $(item_display_tingles_ballon_big) {transformation: [-2f,0f,0f,0f,0f,-1.625f,0f,2.9634f,0f,0f,2f,0.1668f,0f,0f,0f,1f],start_interpolation: 0,interpolation_duration: 1}
$data merge entity $(bone_torso) {transformation: [-1f,0f,0f,0f,0f,0.8373f,0.5467f,0.75f,0f,0.5467f,-0.8373f,0f,0f,0f,0f,1f],start_interpolation: 0,interpolation_duration: 1}