# This file was generated by Animated Java via MC-Build. It is not recommended to edit this file directly.
$data merge entity $(bone_lowerrightleg) {transformation: [-1f,0f,0f,-0.125f,0f,0.9999f,0.0107f,0.3868f,0f,0.0107f,-0.9999f,0.0932f,0f,0f,0f,1f],start_interpolation: 0,interpolation_duration: 1}
$data merge entity $(bone_rightleg) {transformation: [-1f,0f,0f,-0.125f,0f,0.9687f,-0.2484f,0.75f,0f,-0.2484f,-0.9687f,0f,0f,0f,0f,1f],start_interpolation: 0,interpolation_duration: 1}
$data merge entity $(bone_lowerleftleg) {transformation: [-1f,0f,0f,0.125f,0f,0.9998f,-0.0214f,0.3899f,0f,-0.0214f,-0.9998f,0.1048f,0f,0f,0f,1f],start_interpolation: 0,interpolation_duration: 1}
$data merge entity $(bone_leftleg) {transformation: [-1f,0f,0f,0.125f,0f,0.9602f,-0.2795f,0.75f,0f,-0.2795f,-0.9602f,0f,0f,0f,0f,1f],start_interpolation: 0,interpolation_duration: 1}
$data merge entity $(block_display_tingle_pen) {transformation: [-0.4973f,-0.0752f,-0.0352f,-0.1342f,0.0484f,-0.9171f,-0.1934f,1.3179f,-0.0178f,-0.3915f,0.4598f,0.6826f,0f,0f,0f,1f],start_interpolation: 0,interpolation_duration: 1}
$data merge entity $(bone_rightarm) {transformation: [-0.9947f,0.0704f,-0.0752f,-0.375f,0.0967f,0.3867f,-0.9171f,1.291f,-0.0355f,-0.9195f,-0.3915f,0.313f,0f,0f,0f,1f],start_interpolation: 0,interpolation_duration: 1}
$data merge entity $(item_display_tingle_book) {transformation: [-0.477f,-0.0644f,-0.1354f,-0.0213f,-0.1486f,0.1445f,0.455f,0.8749f,-0.0195f,0.4743f,-0.157f,0.7154f,0f,0f,0f,1f],start_interpolation: 0,interpolation_duration: 1}
$data merge entity $(bone_leftarm) {transformation: [-0.866f,0.4831f,0.1288f,0.375f,0.4332f,0.8537f,-0.2891f,1.291f,-0.2496f,-0.1945f,-0.9486f,0.313f,0f,0f,0f,1f],start_interpolation: 0,interpolation_duration: 1}
$data merge entity $(bone_head) {transformation: [-1f,0f,0f,0f,0f,0.7082f,0.706f,1.3992f,0f,0.706f,-0.7082f,0.3756f,0f,0f,0f,1f],start_interpolation: 0,interpolation_duration: 1}
$data merge entity $(item_display_tingles_pack) {transformation: [-0.5f,0f,0f,0f,0f,0.4328f,0.1252f,1.308f,0f,0.2504f,-0.2164f,0.034f,0f,0f,0f,1f],start_interpolation: 0,interpolation_duration: 1}
$data merge entity $(item_display_tingles_ballon_small) {transformation: [-1.01f,0f,0f,0f,0f,-1.01f,0f,2.1677f,0f,0f,1.01f,0.1692f,0f,0f,0f,1f],start_interpolation: 0,interpolation_duration: 1}
$data merge entity $(item_display_tingles_ballon_big) {transformation: [-2f,0f,0f,0f,0f,-1.625f,0f,2.9664f,0f,0f,2f,0.1611f,0f,0f,0f,1f],start_interpolation: 0,interpolation_duration: 1}
$data merge entity $(bone_torso) {transformation: [-1f,0f,0f,0f,0f,0.8656f,0.5007f,0.75f,0f,0.5007f,-0.8656f,0f,0f,0f,0f,1f],start_interpolation: 0,interpolation_duration: 1}