# This file was generated by Animated Java via MC-Build. It is not recommended to edit this file directly.
$data merge entity $(bone_lowerrightleg) {transformation: [-1f,0f,0f,-0.125f,0f,0.9995f,-0.0313f,0.391f,0f,-0.0313f,-0.9995f,0.1083f,0f,0f,0f,1f],start_interpolation: 0,interpolation_duration: 1}
$data merge entity $(bone_rightleg) {transformation: [-1f,0f,0f,-0.125f,0f,0.9574f,-0.2889f,0.75f,0f,-0.2889f,-0.9574f,0f,0f,0f,0f,1f],start_interpolation: 0,interpolation_duration: 1}
$data merge entity $(bone_lowerleftleg) {transformation: [-1f,0f,0f,0.125f,0f,0.9973f,0.0735f,0.3816f,0f,0.0735f,-0.9973f,0.0702f,0f,0f,0f,1f],start_interpolation: 0,interpolation_duration: 1}
$data merge entity $(bone_leftleg) {transformation: [-1f,0f,0f,0.125f,0f,0.9823f,-0.1871f,0.75f,0f,-0.1871f,-0.9823f,0f,0f,0f,0f,1f],start_interpolation: 0,interpolation_duration: 1}
$data merge entity $(block_display_tingle_pen) {transformation: [-0.4973f,-0.0788f,-0.0332f,-0.1323f,0.0486f,-0.9322f,-0.1744f,1.3288f,-0.0172f,-0.3534f,0.4674f,0.6863f,0f,0f,0f,1f],start_interpolation: 0,interpolation_duration: 1}
$data merge entity $(bone_rightarm) {transformation: [-0.9947f,0.0664f,-0.0788f,-0.375f,0.0972f,0.3488f,-0.9322f,1.2873f,-0.0344f,-0.9349f,-0.3534f,0.3193f,0f,0f,0f,1f],start_interpolation: 0,interpolation_duration: 1}
$data merge entity $(item_display_tingle_book) {transformation: [-0.4776f,-0.061f,-0.1348f,-0.0203f,-0.147f,0.145f,0.4554f,0.8728f,-0.0165f,0.4746f,-0.1565f,0.7244f,0f,0f,0f,1f],start_interpolation: 0,interpolation_duration: 1}
$data merge entity $(bone_leftarm) {transformation: [-0.866f,0.4849f,0.122f,0.375f,0.4361f,0.8519f,-0.29f,1.2873f,-0.2445f,-0.198f,-0.9492f,0.3193f,0f,0f,0f,1f],start_interpolation: 0,interpolation_duration: 1}
$data merge entity $(bone_head) {transformation: [-1f,0f,0f,0f,0f,0.7198f,0.6942f,1.3948f,0f,0.6942f,-0.7198f,0.3831f,0f,0f,0f,1f],start_interpolation: 0,interpolation_duration: 1}
$data merge entity $(item_display_tingles_pack) {transformation: [-0.5f,0f,0f,0f,0f,0.4298f,0.1277f,1.3075f,0f,0.2554f,-0.2149f,0.0405f,0f,0f,0f,1f],start_interpolation: 0,interpolation_duration: 1}
$data merge entity $(item_display_tingles_ballon_small) {transformation: [-1.01f,0f,0f,0f,0f,-1.01f,0f,2.1655f,0f,0f,1.01f,0.1705f,0f,0f,0f,1f],start_interpolation: 0,interpolation_duration: 1}
$data merge entity $(item_display_tingles_ballon_big) {transformation: [-2f,0f,0f,0f,0f,-1.625f,0f,2.9655f,0f,0f,2f,0.1623f,0f,0f,0f,1f],start_interpolation: 0,interpolation_duration: 1}
$data merge entity $(bone_torso) {transformation: [-1f,0f,0f,0f,0f,0.8597f,0.5108f,0.75f,0f,0.5108f,-0.8597f,0f,0f,0f,0f,1f],start_interpolation: 0,interpolation_duration: 1}