# This file was generated by Animated Java via MC-Build. It is not recommended to edit this file directly.
$data merge entity $(bone_lowerrightleg) {transformation: [-1f,0f,0f,-0.125f,0f,0.9993f,-0.0387f,0.3918f,0f,-0.0387f,-0.9993f,0.111f,0f,0f,0f,1f],start_interpolation: 0,interpolation_duration: 1}
$data merge entity $(bone_rightleg) {transformation: [-1f,0f,0f,-0.125f,0f,0.9552f,-0.296f,0.75f,0f,-0.296f,-0.9552f,0f,0f,0f,0f,1f],start_interpolation: 0,interpolation_duration: 1}
$data merge entity $(bone_lowerleftleg) {transformation: [-1f,0f,0f,0.125f,0f,0.9942f,0.1078f,0.3794f,0f,0.1078f,-0.9942f,0.0574f,0f,0f,0f,1f],start_interpolation: 0,interpolation_duration: 1}
$data merge entity $(bone_leftleg) {transformation: [-1f,0f,0f,0.125f,0f,0.9882f,-0.1532f,0.75f,0f,-0.1532f,-0.9882f,0f,0f,0f,0f,1f],start_interpolation: 0,interpolation_duration: 1}
$data merge entity $(block_display_tingle_pen) {transformation: [-0.4973f,-0.0803f,-0.0323f,-0.1315f,0.0488f,-0.9347f,-0.1709f,1.3268f,-0.0165f,-0.3463f,0.4688f,0.693f,0f,0f,0f,1f],start_interpolation: 0,interpolation_duration: 1}
$data merge entity $(bone_rightarm) {transformation: [-0.9947f,0.0646f,-0.0803f,-0.375f,0.0976f,0.3418f,-0.9347f,1.2827f,-0.033f,-0.9375f,-0.3463f,0.3268f,0f,0f,0f,1f],start_interpolation: 0,interpolation_duration: 1}
$data merge entity $(item_display_tingle_book) {transformation: [-0.4782f,-0.0579f,-0.1342f,-0.0193f,-0.1455f,0.1438f,0.4563f,0.8682f,-0.0142f,0.4754f,-0.1543f,0.7329f,0f,0f,0f,1f],start_interpolation: 0,interpolation_duration: 1}
$data merge entity $(bone_leftarm) {transformation: [-0.866f,0.4864f,0.1157f,0.375f,0.4395f,0.8509f,-0.2876f,1.2827f,-0.2383f,-0.1982f,-0.9507f,0.3268f,0f,0f,0f,1f],start_interpolation: 0,interpolation_duration: 1}
$data merge entity $(bone_misc_head_items) {transformation: [-1f,0f,0f,0f,0f,0.7279f,0.6857f,1.3893f,0f,0.6857f,-0.7279f,0.3922f,0f,0f,0f,1f],start_interpolation: 0,interpolation_duration: 1}
$data merge entity $(bone_head) {transformation: [-1f,0f,0f,0f,0f,0.7279f,0.6857f,1.3893f,0f,0.6857f,-0.7279f,0.3922f,0f,0f,0f,1f],start_interpolation: 0,interpolation_duration: 1}
$data merge entity $(item_display_tingles_pack) {transformation: [-0.5f,0f,0f,0f,0f,0.4262f,0.1307f,1.3069f,0f,0.2615f,-0.2131f,0.0484f,0f,0f,0f,1f],start_interpolation: 0,interpolation_duration: 1}
$data merge entity $(item_display_tingles_ballon_small) {transformation: [-1.01f,0f,0f,0f,0f,-1.01f,0f,2.1629f,0f,0f,1.01f,0.1721f,0f,0f,0f,1f],start_interpolation: 0,interpolation_duration: 1}
$data merge entity $(item_display_tingles_ballon_big) {transformation: [-2f,0f,0f,0f,0f,-1.625f,0f,2.9646f,0f,0f,2f,0.1638f,0f,0f,0f,1f],start_interpolation: 0,interpolation_duration: 1}
$data merge entity $(bone_torso) {transformation: [-1f,0f,0f,0f,0f,0.8524f,0.5229f,0.75f,0f,0.5229f,-0.8524f,0f,0f,0f,0f,1f],start_interpolation: 0,interpolation_duration: 1}