# This file was generated by Animated Java via MC-Build. It is not recommended to edit this file directly.
$data merge entity $(bone_lowerrightleg) {transformation: [-1f,0f,0f,-0.125f,0f,0.9909f,0.1344f,0.378f,0f,0.1344f,-0.9909f,0.0475f,0f,0f,0f,1f],start_interpolation: 0,interpolation_duration: 1}
$data merge entity $(bone_rightleg) {transformation: [-1f,0f,0f,-0.125f,0f,0.992f,-0.1266f,0.75f,0f,-0.1266f,-0.992f,0f,0f,0f,0f,1f],start_interpolation: 0,interpolation_duration: 1}
$data merge entity $(bone_lowerleftleg) {transformation: [-1f,0f,0f,0.125f,0f,0.9822f,0.188f,0.376f,0f,0.188f,-0.9822f,0.0272f,0f,0f,0f,1f],start_interpolation: 0,interpolation_duration: 1}
$data merge entity $(bone_leftleg) {transformation: [-1f,0f,0f,0.125f,0f,0.9974f,-0.0726f,0.75f,0f,-0.0726f,-0.9974f,0f,0f,0f,0f,1f],start_interpolation: 0,interpolation_duration: 1}
$data merge entity $(block_display_tingle_pen) {transformation: [-0.4962f,-0.0771f,-0.0482f,-0.1426f,0.0577f,-0.8578f,-0.2504f,1.2118f,-0.022f,-0.5082f,0.4301f,0.7677f,0f,0f,0f,1f],start_interpolation: 0,interpolation_duration: 1}
$data merge entity $(bone_rightarm) {transformation: [-0.9923f,0.0964f,-0.0771f,-0.375f,0.1153f,0.5009f,-0.8578f,1.2363f,-0.0441f,-0.8601f,-0.5082f,0.3926f,0f,0f,0f,1f],start_interpolation: 0,interpolation_duration: 1}
$data merge entity $(item_display_tingle_book) {transformation: [-0.4771f,-0.0636f,-0.1352f,-0.0211f,-0.1437f,0.0712f,0.4736f,0.7644f,-0.041f,0.4908f,-0.0862f,0.7281f,0f,0f,0f,1f],start_interpolation: 0,interpolation_duration: 1}
$data merge entity $(bone_leftarm) {transformation: [-0.866f,0.4835f,0.1272f,0.375f,0.4665f,0.873f,-0.1424f,1.2363f,-0.1799f,-0.064f,-0.9816f,0.3926f,0f,0f,0f,1f],start_interpolation: 0,interpolation_duration: 1}
$data merge entity $(bone_head) {transformation: [-1f,0f,0f,0f,0f,0.5964f,0.8027f,1.3336f,0f,0.8027f,-0.5964f,0.4711f,0f,0f,0f,1f],start_interpolation: 0,interpolation_duration: 1}
$data merge entity $(item_display_tingles_pack) {transformation: [-0.5f,0f,0f,0f,0f,0.3891f,0.157f,1.2961f,0f,0.314f,-0.1945f,0.1195f,0f,0f,0f,1f],start_interpolation: 0,interpolation_duration: 1}
$data merge entity $(item_display_tingles_ballon_small) {transformation: [-1.01f,0f,0f,0f,0f,-1.01f,0f,2.1447f,0f,0f,1.01f,0.1865f,0f,0f,0f,1f],start_interpolation: 0,interpolation_duration: 1}
$data merge entity $(item_display_tingles_ballon_big) {transformation: [-2f,0f,0f,0f,0f,-1.625f,0f,2.9632f,0f,0f,2f,0.1804f,0f,0f,0f,1f],start_interpolation: 0,interpolation_duration: 1}
$data merge entity $(bone_torso) {transformation: [-1f,0f,0f,0f,0f,0.7781f,0.6281f,0.75f,0f,0.6281f,-0.7781f,0f,0f,0f,0f,1f],start_interpolation: 0,interpolation_duration: 1}