# This file was generated by Animated Java via MC-Build. It is not recommended to edit this file directly.
$data merge entity $(bone_lowerrightleg) {transformation: [-1f,0f,0f,-0.125f,0f,0.8605f,0.5095f,0.3769f,0f,0.5095f,-0.8605f,-0.038f,0f,0f,0f,1f],start_interpolation: 0,interpolation_duration: 1}
$data merge entity $(bone_rightleg) {transformation: [-1f,0f,0f,-0.125f,0f,0.9948f,0.1014f,0.75f,0f,0.1014f,-0.9948f,0f,0f,0f,0f,1f],start_interpolation: 0,interpolation_duration: 1}
$data merge entity $(bone_lowerleftleg) {transformation: [-1f,0f,0f,0.125f,0f,0.9872f,-0.1594f,0.3867f,0f,-0.1594f,-0.9872f,0.093f,0f,0f,0f,1f],start_interpolation: 0,interpolation_duration: 1}
$data merge entity $(bone_leftleg) {transformation: [-1f,0f,0f,0.125f,0f,0.9687f,-0.248f,0.75f,0f,-0.248f,-0.9687f,0f,0f,0f,0f,1f],start_interpolation: 0,interpolation_duration: 1}
$data merge entity $(block_display_tingle_pen) {transformation: [-0.4423f,-0.0761f,0.23f,0.0042f,-0.1158f,-0.7847f,-0.2875f,1.2125f,0.2024f,-0.6152f,0.3383f,0.6722f,0f,0f,0f,1f],start_interpolation: 0,interpolation_duration: 1}
$data merge entity $(bone_rightarm) {transformation: [-0.8846f,-0.46f,-0.0761f,-0.375f,-0.2315f,0.575f,-0.7847f,1.1872f,0.4047f,-0.6765f,-0.6152f,0.4467f,0f,0f,0f,1f],start_interpolation: 0,interpolation_duration: 1}
$data merge entity $(item_display_tingle_book) {transformation: [-0.4787f,-0.0544f,-0.1336f,-0.0181f,-0.1374f,0.03f,0.4798f,0.6907f,-0.0442f,0.4961f,-0.0436f,0.7485f,0f,0f,0f,1f],start_interpolation: 0,interpolation_duration: 1}
$data merge entity $(bone_leftarm) {transformation: [-0.866f,0.488f,0.1088f,0.375f,0.4843f,0.8728f,-0.0599f,1.1872f,-0.1242f,0.0008f,-0.9923f,0.4467f,0f,0f,0f,1f],start_interpolation: 0,interpolation_duration: 1}
$data merge entity $(bone_misc_head_items) {transformation: [-1f,0f,0f,0f,0f,0.5466f,0.8374f,1.2746f,0f,0.8374f,-0.5466f,0.536f,0f,0f,0f,1f],start_interpolation: 0,interpolation_duration: 1}
$data merge entity $(bone_head) {transformation: [-1f,0f,0f,0f,0f,0.5466f,0.8374f,1.2746f,0f,0.8374f,-0.5466f,0.536f,0f,0f,0f,1f],start_interpolation: 0,interpolation_duration: 1}
$data merge entity $(item_display_tingles_pack) {transformation: [-0.5f,0f,0f,0f,0f,0.3497f,0.1787f,1.2784f,0f,0.3573f,-0.1749f,0.1824f,0f,0f,0f,1f],start_interpolation: 0,interpolation_duration: 1}
$data merge entity $(item_display_tingles_ballon_small) {transformation: [-1.01f,0f,0f,0f,0f,-1.01f,0f,2.121f,0f,0f,1.01f,0.2f,0f,0f,0f,1f],start_interpolation: 0,interpolation_duration: 1}
$data merge entity $(item_display_tingles_ballon_big) {transformation: [-2f,0f,0f,0f,0f,-1.625f,0f,2.9416f,0f,0f,2f,0.2007f,0f,0f,0f,1f],start_interpolation: 0,interpolation_duration: 1}
$data merge entity $(bone_torso) {transformation: [-1f,0f,0f,0f,0f,0.6995f,0.7146f,0.75f,0f,0.7146f,-0.6995f,0f,0f,0f,0f,1f],start_interpolation: 0,interpolation_duration: 1}