# This file was generated by Animated Java via MC-Build. It is not recommended to edit this file directly.
$data merge entity $(bone_lower_rightleg) {transformation: [-0.999f,0.0437f,-0.0038f,-0.1408f,0.0437f,0.999f,0.0003f,0.3866f,0.0038f,0.0002f,-1f,0.0038f,0f,0f,0f,1f],start_interpolation: 0,interpolation_duration: 1}
$data merge entity $(bone_rightleg) {transformation: [-0.999f,0.0435f,-0.0057f,-0.1245f,0.0437f,0.9981f,-0.0432f,0.7609f,0.0038f,-0.0435f,-0.999f,-0.0125f,0f,0f,0f,1f],start_interpolation: 0,interpolation_duration: 1}
$data merge entity $(bone_lower_leftleg) {transformation: [-0.999f,-0.0435f,-0.0038f,0.1409f,-0.0435f,0.9991f,0f,0.3648f,0.0038f,0.0002f,-1f,0.0038f,0f,0f,0f,1f],start_interpolation: 0,interpolation_duration: 1}
$data merge entity $(bone_leftleg) {transformation: [-0.999f,-0.0437f,-0.0019f,0.1245f,-0.0435f,0.9981f,-0.0436f,0.7391f,0.0038f,-0.0435f,-0.999f,-0.0125f,0f,0f,0f,1f],start_interpolation: 0,interpolation_duration: 1}
$data merge entity $(bone_rightarm) {transformation: [-0.8218f,-0.569f,-0.0298f,-0.3191f,0.5435f,-0.7671f,-0.3407f,1.4053f,0.171f,-0.2962f,0.9397f,-0.0125f,0f,0f,0f,1f],start_interpolation: 0,interpolation_duration: 1}
$data merge entity $(bone_leftarm) {transformation: [-0.9962f,0.0864f,0.0114f,0.428f,0.0872f,0.9877f,0.13f,1.3399f,0f,0.1305f,-0.9914f,-0.0125f,0f,0f,0f,1f],start_interpolation: 0,interpolation_duration: 1}
$data merge entity $(bone_hat) {transformation: [-0.9962f,0.0616f,-0.0616f,0.0654f,0.0872f,0.7044f,-0.7044f,1.4971f,0f,-0.7071f,-0.7071f,-0.0125f,0f,0f,0f,1f],start_interpolation: 0,interpolation_duration: 1}
$data merge entity $(bone_head) {transformation: [-0.9962f,0.0616f,-0.0616f,0.0654f,0.0872f,0.7044f,-0.7044f,1.4971f,0f,-0.7071f,-0.7071f,-0.0125f,0f,0f,0f,1f],start_interpolation: 0,interpolation_duration: 1}
$data merge entity $(bone_torso) {transformation: [-0.9962f,0.0872f,0f,0f,0.0872f,0.9962f,0f,0.75f,0f,0f,-1f,-0.0125f,0f,0f,0f,1f],start_interpolation: 0,interpolation_duration: 1}