# This file was generated by Animated Java via MC-Build. It is not recommended to edit this file directly.
$data merge entity $(bone_lower_rightleg) {transformation: [-0.999f,0.0436f,-0.0004f,-0.1414f,0.0436f,0.999f,0f,0.3765f,0.0004f,0f,-1f,0.0004f,0f,0f,0f,1f],start_interpolation: 0,interpolation_duration: 1}
$data merge entity $(bone_rightleg) {transformation: [-0.999f,0.0436f,-0.0006f,-0.125f,0.0436f,0.999f,-0.0043f,0.7511f,0.0004f,-0.0043f,-1f,-0.0013f,0f,0f,0f,1f],start_interpolation: 0,interpolation_duration: 1}
$data merge entity $(bone_lower_leftleg) {transformation: [-0.999f,-0.0436f,-0.0004f,0.1413f,-0.0436f,0.999f,0f,0.3743f,0.0004f,0f,-1f,0.0004f,0f,0f,0f,1f],start_interpolation: 0,interpolation_duration: 1}
$data merge entity $(bone_leftleg) {transformation: [-0.999f,-0.0436f,-0.0002f,0.125f,-0.0436f,0.999f,-0.0044f,0.7489f,0.0004f,-0.0043f,-1f,-0.0012f,0f,0f,0f,1f],start_interpolation: 0,interpolation_duration: 1}
$data merge entity $(bone_rightarm) {transformation: [-0.9994f,-0.034f,-0.0033f,-0.3695f,0.0331f,-0.9398f,-0.3401f,1.3782f,0.0084f,-0.34f,0.9404f,-0.0013f,0f,0f,0f,1f],start_interpolation: 0,interpolation_duration: 1}
$data merge entity $(bone_leftarm) {transformation: [-1f,0.0087f,0.0001f,0.3804f,0.0087f,0.9999f,0.0131f,1.3717f,0f,0.0131f,-0.9999f,-0.0012f,0f,0f,0f,1f],start_interpolation: 0,interpolation_duration: 1}
$data merge entity $(bone_hat) {transformation: [-1f,0.0062f,-0.0062f,0.0065f,0.0087f,0.7071f,-0.7071f,1.5f,0f,-0.7071f,-0.7071f,-0.0013f,0f,0f,0f,1f],start_interpolation: 0,interpolation_duration: 1}
$data merge entity $(bone_head) {transformation: [-1f,0.0062f,-0.0062f,0.0065f,0.0087f,0.7071f,-0.7071f,1.5f,0f,-0.7071f,-0.7071f,-0.0013f,0f,0f,0f,1f],start_interpolation: 0,interpolation_duration: 1}
$data merge entity $(bone_torso) {transformation: [-1f,0.0087f,0f,0f,0.0087f,1f,0f,0.75f,0f,0f,-1f,-0.0013f,0f,0f,0f,1f],start_interpolation: 0,interpolation_duration: 1}