# This file was generated by Animated Java via MC-Build. It is not recommended to edit this file directly.
$data merge entity $(bone_lower_rightleg) {transformation: [-0.999f,0.0437f,-0.0015f,-0.1413f,0.0437f,0.999f,0.0001f,0.3798f,0.0015f,0.0001f,-1f,0.0015f,0f,0f,0f,1f],start_interpolation: 0,interpolation_duration: 1}
$data merge entity $(bone_rightleg) {transformation: [-0.999f,0.0436f,-0.0023f,-0.1249f,0.0437f,0.9989f,-0.0173f,0.7544f,0.0015f,-0.0174f,-0.9998f,-0.005f,0f,0f,0f,1f],start_interpolation: 0,interpolation_duration: 1}
$data merge entity $(bone_lower_leftleg) {transformation: [-0.999f,-0.0436f,-0.0015f,0.1413f,-0.0436f,0.999f,0f,0.3711f,0.0015f,0.0001f,-1f,0.0015f,0f,0f,0f,1f],start_interpolation: 0,interpolation_duration: 1}
$data merge entity $(bone_leftleg) {transformation: [-0.999f,-0.0436f,-0.0008f,0.1249f,-0.0436f,0.9989f,-0.0174f,0.7456f,0.0015f,-0.0174f,-0.9998f,-0.005f,0f,0f,0f,1f],start_interpolation: 0,interpolation_duration: 1}
$data merge entity $(bone_rightarm) {transformation: [-0.9735f,-0.2283f,-0.0123f,-0.353f,0.2193f,-0.9174f,-0.332f,1.3877f,0.0645f,-0.3259f,0.9432f,-0.005f,0f,0f,0f,1f],start_interpolation: 0,interpolation_duration: 1}
$data merge entity $(bone_leftarm) {transformation: [-0.9994f,0.0349f,0.0018f,0.3966f,0.0349f,0.998f,0.0523f,1.3615f,0f,0.0523f,-0.9986f,-0.005f,0f,0f,0f,1f],start_interpolation: 0,interpolation_duration: 1}
$data merge entity $(bone_hat) {transformation: [-0.9994f,0.0247f,-0.0247f,0.0262f,0.0349f,0.7067f,-0.7067f,1.4995f,0f,-0.7071f,-0.7071f,-0.005f,0f,0f,0f,1f],start_interpolation: 0,interpolation_duration: 1}
$data merge entity $(bone_head) {transformation: [-0.9994f,0.0247f,-0.0247f,0.0262f,0.0349f,0.7067f,-0.7067f,1.4995f,0f,-0.7071f,-0.7071f,-0.005f,0f,0f,0f,1f],start_interpolation: 0,interpolation_duration: 1}
$data merge entity $(bone_torso) {transformation: [-0.9994f,0.0349f,0f,0f,0.0349f,0.9994f,0f,0.75f,0f,0f,-1f,-0.005f,0f,0f,0f,1f],start_interpolation: 0,interpolation_duration: 1}