# This file was generated by Animated Java via MC-Build. It is not recommended to edit this file directly.
$data merge entity $(bone_lower_rightleg) {transformation: [-0.999f,0.0437f,-0.0023f,-0.1412f,0.0437f,0.999f,0.0002f,0.382f,0.0023f,0.0001f,-1f,0.0023f,0f,0f,0f,1f],start_interpolation: 0,interpolation_duration: 1}
$data merge entity $(bone_rightleg) {transformation: [-0.999f,0.0436f,-0.0034f,-0.1248f,0.0437f,0.9987f,-0.026f,0.7565f,0.0023f,-0.0261f,-0.9997f,-0.0075f,0f,0f,0f,1f],start_interpolation: 0,interpolation_duration: 1}
$data merge entity $(bone_lower_leftleg) {transformation: [-0.999f,-0.0436f,-0.0023f,0.1412f,-0.0436f,0.9991f,0f,0.3689f,0.0023f,0.0001f,-1f,0.0023f,0f,0f,0f,1f],start_interpolation: 0,interpolation_duration: 1}
$data merge entity $(bone_leftleg) {transformation: [-0.999f,-0.0436f,-0.0011f,0.1248f,-0.0436f,0.9987f,-0.0262f,0.7435f,0.0023f,-0.0261f,-0.9997f,-0.0075f,0f,0f,0f,1f],start_interpolation: 0,interpolation_duration: 1}
$data merge entity $(bone_rightarm) {transformation: [-0.9295f,-0.3683f,-0.0172f,-0.3418f,0.3528f,-0.8749f,-0.3317f,1.3938f,0.1071f,-0.3144f,0.9432f,-0.0075f,0f,0f,0f,1f],start_interpolation: 0,interpolation_duration: 1}
$data merge entity $(bone_leftarm) {transformation: [-0.9986f,0.0522f,0.0041f,0.4072f,0.0523f,0.9956f,0.0784f,1.3545f,0f,0.0785f,-0.9969f,-0.0075f,0f,0f,0f,1f],start_interpolation: 0,interpolation_duration: 1}
$data merge entity $(bone_hat) {transformation: [-0.9986f,0.037f,-0.037f,0.0393f,0.0523f,0.7061f,-0.7061f,1.499f,0f,-0.7071f,-0.7071f,-0.0075f,0f,0f,0f,1f],start_interpolation: 0,interpolation_duration: 1}
$data merge entity $(bone_head) {transformation: [-0.9986f,0.037f,-0.037f,0.0393f,0.0523f,0.7061f,-0.7061f,1.499f,0f,-0.7071f,-0.7071f,-0.0075f,0f,0f,0f,1f],start_interpolation: 0,interpolation_duration: 1}
$data merge entity $(bone_torso) {transformation: [-0.9986f,0.0523f,0f,0f,0.0523f,0.9986f,0f,0.75f,0f,0f,-1f,-0.0075f,0f,0f,0f,1f],start_interpolation: 0,interpolation_duration: 1}