# This file was generated by Animated Java via MC-Build. It is not recommended to edit this file directly.
$data merge entity $(bone_lower_rightleg) {transformation: [-0.999f,0.0437f,-0.003f,-0.141f,0.0437f,0.999f,0.0003f,0.3843f,0.003f,0.0001f,-1f,0.003f,0f,0f,0f,1f],start_interpolation: 0,interpolation_duration: 1}
$data merge entity $(bone_rightleg) {transformation: [-0.999f,0.0436f,-0.0046f,-0.1247f,0.0437f,0.9984f,-0.0346f,0.7587f,0.003f,-0.0348f,-0.9994f,-0.01f,0f,0f,0f,1f],start_interpolation: 0,interpolation_duration: 1}
$data merge entity $(bone_lower_leftleg) {transformation: [-0.999f,-0.0436f,-0.003f,0.1411f,-0.0436f,0.9991f,0f,0.3669f,0.003f,0.0001f,-1f,0.003f,0f,0f,0f,1f],start_interpolation: 0,interpolation_duration: 1}
$data merge entity $(bone_leftleg) {transformation: [-0.999f,-0.0436f,-0.0015f,0.1247f,-0.0436f,0.9984f,-0.0349f,0.7413f,0.003f,-0.0348f,-0.9994f,-0.01f,0f,0f,0f,1f],start_interpolation: 0,interpolation_duration: 1}
$data merge entity $(bone_rightarm) {transformation: [-0.8701f,-0.4924f,-0.023f,-0.3305f,0.4706f,-0.8158f,-0.3361f,1.3996f,0.1467f,-0.3033f,0.9415f,-0.01f,0f,0f,0f,1f],start_interpolation: 0,interpolation_duration: 1}
$data merge entity $(bone_leftarm) {transformation: [-0.9976f,0.0694f,0.0073f,0.4177f,0.0698f,0.9921f,0.1043f,1.3473f,0f,0.1045f,-0.9945f,-0.01f,0f,0f,0f,1f],start_interpolation: 0,interpolation_duration: 1}
$data merge entity $(bone_hat) {transformation: [-0.9976f,0.0493f,-0.0493f,0.0523f,0.0698f,0.7054f,-0.7054f,1.4982f,0f,-0.7071f,-0.7071f,-0.01f,0f,0f,0f,1f],start_interpolation: 0,interpolation_duration: 1}
$data merge entity $(bone_head) {transformation: [-0.9976f,0.0493f,-0.0493f,0.0523f,0.0698f,0.7054f,-0.7054f,1.4982f,0f,-0.7071f,-0.7071f,-0.01f,0f,0f,0f,1f],start_interpolation: 0,interpolation_duration: 1}
$data merge entity $(bone_torso) {transformation: [-0.9976f,0.0698f,0f,0f,0.0698f,0.9976f,0f,0.75f,0f,0f,-1f,-0.01f,0f,0f,0f,1f],start_interpolation: 0,interpolation_duration: 1}