# This file was generated by Animated Java via MC-Build. It is not recommended to edit this file directly.
$data merge entity $(bone_lower_rightleg) {transformation: [-0.999f,0.0437f,-0.0034f,-0.1409f,0.0437f,0.999f,0.0003f,0.3854f,0.0034f,0.0001f,-1f,0.0034f,0f,0f,0f,1f],start_interpolation: 0,interpolation_duration: 1}
$data merge entity $(bone_rightleg) {transformation: [-0.999f,0.0435f,-0.0051f,-0.1246f,0.0437f,0.9983f,-0.0389f,0.7598f,0.0034f,-0.0391f,-0.9992f,-0.0113f,0f,0f,0f,1f],start_interpolation: 0,interpolation_duration: 1}
$data merge entity $(bone_lower_leftleg) {transformation: [-0.999f,-0.0435f,-0.0034f,0.141f,-0.0435f,0.9991f,0f,0.3658f,0.0034f,0.0001f,-1f,0.0034f,0f,0f,0f,1f],start_interpolation: 0,interpolation_duration: 1}
$data merge entity $(bone_leftleg) {transformation: [-0.999f,-0.0436f,-0.0017f,0.1246f,-0.0435f,0.9983f,-0.0392f,0.7402f,0.0034f,-0.0391f,-0.9992f,-0.0112f,0f,0f,0f,1f],start_interpolation: 0,interpolation_duration: 1}
$data merge entity $(bone_rightarm) {transformation: [-0.8405f,-0.5411f,-0.0264f,-0.3248f,0.5168f,-0.7861f,-0.3391f,1.4025f,0.1627f,-0.2986f,0.9404f,-0.0113f,0f,0f,0f,1f],start_interpolation: 0,interpolation_duration: 1}
$data merge entity $(bone_leftarm) {transformation: [-0.9969f,0.0779f,0.0092f,0.4229f,0.0785f,0.99f,0.1172f,1.3437f,0f,0.1175f,-0.9931f,-0.0112f,0f,0f,0f,1f],start_interpolation: 0,interpolation_duration: 1}
$data merge entity $(bone_hat) {transformation: [-0.9969f,0.0555f,-0.0555f,0.0588f,0.0785f,0.7049f,-0.7049f,1.4977f,0f,-0.7071f,-0.7071f,-0.0112f,0f,0f,0f,1f],start_interpolation: 0,interpolation_duration: 1}
$data merge entity $(bone_head) {transformation: [-0.9969f,0.0555f,-0.0555f,0.0588f,0.0785f,0.7049f,-0.7049f,1.4977f,0f,-0.7071f,-0.7071f,-0.0112f,0f,0f,0f,1f],start_interpolation: 0,interpolation_duration: 1}
$data merge entity $(bone_torso) {transformation: [-0.9969f,0.0785f,0f,0f,0.0785f,0.9969f,0f,0.75f,0f,0f,-1f,-0.0113f,0f,0f,0f,1f],start_interpolation: 0,interpolation_duration: 1}