# This file was generated by Animated Java via MC-Build. It is not recommended to edit this file directly.
$data merge entity $(bone_lower_rightleg) {transformation: [-1f,0f,0f,-0.125f,0f,0f,1f,0.1098f,0f,1f,0f,0.2652f,0f,0f,0f,1f],start_interpolation: 0,interpolation_duration: 1}
$data merge entity $(bone_rightleg) {transformation: [-1f,0f,0f,-0.125f,0f,0.7071f,-0.7071f,0.375f,0f,-0.7071f,-0.7071f,0f,0f,0f,0f,1f],start_interpolation: 0,interpolation_duration: 1}
$data merge entity $(bone_lower_leftleg) {transformation: [-1f,0f,0f,0.125f,0f,0f,1f,0.1098f,0f,1f,0f,0.2652f,0f,0f,0f,1f],start_interpolation: 0,interpolation_duration: 1}
$data merge entity $(bone_leftleg) {transformation: [-1f,0f,0f,0.125f,0f,0.7071f,-0.7071f,0.375f,0f,-0.7071f,-0.7071f,0f,0f,0f,0f,1f],start_interpolation: 0,interpolation_duration: 1}
$data merge entity $(bone_rightarm) {transformation: [-0.9659f,-0.183f,-0.183f,-0.375f,-0.067f,0.8598f,-0.5062f,0.9787f,0.25f,-0.4767f,-0.8428f,0.1618f,0f,0f,0f,1f],start_interpolation: 0,interpolation_duration: 1}
$data merge entity $(bone_leftarm) {transformation: [-0.9659f,0.183f,0.183f,0.375f,0.067f,0.8598f,-0.5062f,0.9787f,-0.25f,-0.4767f,-0.8428f,0.1618f,0f,0f,0f,1f],start_interpolation: 0,interpolation_duration: 1}
$data merge entity $(bone_hat) {transformation: [-1f,0f,0f,0f,0f,1f,0f,1.0994f,0f,0f,-1f,0.1941f,0f,0f,0f,1f],start_interpolation: 0,interpolation_duration: 1}
$data merge entity $(bone_head) {transformation: [-1f,0f,0f,0f,0f,1f,0f,1.0994f,0f,0f,-1f,0.1941f,0f,0f,0f,1f],start_interpolation: 0,interpolation_duration: 1}
$data merge entity $(bone_torso) {transformation: [-1f,0f,0f,0f,0f,0.9659f,0.2588f,0.375f,0f,0.2588f,-0.9659f,0f,0f,0f,0f,1f],start_interpolation: 0,interpolation_duration: 1}