# This file was generated by Animated Java via MC-Build. It is not recommended to edit this file directly.
$data merge entity $(bone_lower_rightleg) {transformation: [-1f,0f,0f,-0.125f,0f,0f,1f,0.1098f,0f,1f,0f,0.2652f,0f,0f,0f,1f],start_interpolation: 0,interpolation_duration: 1}
$data merge entity $(bone_rightleg) {transformation: [-1f,0f,0f,-0.125f,0f,0.7071f,-0.7071f,0.375f,0f,-0.7071f,-0.7071f,0f,0f,0f,0f,1f],start_interpolation: 0,interpolation_duration: 1}
$data merge entity $(bone_lower_leftleg) {transformation: [-1f,0f,0f,0.125f,0f,0f,1f,0.1098f,0f,1f,0f,0.2652f,0f,0f,0f,1f],start_interpolation: 0,interpolation_duration: 1}
$data merge entity $(bone_leftleg) {transformation: [-1f,0f,0f,0.125f,0f,0.7071f,-0.7071f,0.375f,0f,-0.7071f,-0.7071f,0f,0f,0f,0f,1f],start_interpolation: 0,interpolation_duration: 1}
$data merge entity $(bone_rightarm) {transformation: [-0.9659f,-0.188f,-0.1779f,-0.375f,-0.0739f,0.859f,-0.5067f,0.974f,0.2481f,-0.4763f,-0.8436f,0.1784f,0f,0f,0f,1f],start_interpolation: 0,interpolation_duration: 1}
$data merge entity $(bone_leftarm) {transformation: [-0.9659f,0.188f,0.1779f,0.375f,0.0739f,0.859f,-0.5067f,0.974f,-0.2481f,-0.4763f,-0.8436f,0.1784f,0f,0f,0f,1f],start_interpolation: 0,interpolation_duration: 1}
$data merge entity $(bone_hat) {transformation: [-1f,0f,0f,0f,0f,1f,0f,1.0938f,0f,0f,-1f,0.214f,0f,0f,0f,1f],start_interpolation: 0,interpolation_duration: 1}
$data merge entity $(bone_head) {transformation: [-1f,0f,0f,0f,0f,1f,0f,1.0938f,0f,0f,-1f,0.214f,0f,0f,0f,1f],start_interpolation: 0,interpolation_duration: 1}
$data merge entity $(bone_torso) {transformation: [-1f,0f,0f,0f,0f,0.9584f,0.2854f,0.375f,0f,0.2854f,-0.9584f,0f,0f,0f,0f,1f],start_interpolation: 0,interpolation_duration: 1}