# This file was generated by Animated Java via MC-Build. It is not recommended to edit this file directly.
$data merge entity $(bone_lower_rightleg) {transformation: [-0.999f,0.0433f,-0.0053f,-0.1409f,0.0433f,0.9991f,0.0001f,0.3781f,0.0053f,-0.0001f,-1f,-0.0009f,0f,0f,0f,1f],start_interpolation: 0,interpolation_duration: 1}
$data merge entity $(bone_rightleg) {transformation: [-0.999f,0.0423f,-0.0106f,-0.125f,0.0433f,0.9916f,-0.1216f,0.75f,0.0053f,-0.122f,-0.9925f,-0.0467f,0f,0f,0f,1f],start_interpolation: 0,interpolation_duration: 1}
$data merge entity $(bone_lower_leftleg) {transformation: [-0.999f,-0.0433f,0.0053f,0.1409f,-0.0433f,0.9991f,0.0001f,0.3781f,-0.0053f,-0.0001f,-1f,-0.0009f,0f,0f,0f,1f],start_interpolation: 0,interpolation_duration: 1}
$data merge entity $(bone_leftleg) {transformation: [-0.999f,-0.0423f,0.0106f,0.125f,-0.0433f,0.9916f,-0.1216f,0.75f,-0.0053f,-0.122f,-0.9925f,-0.0467f,0f,0f,0f,1f],start_interpolation: 0,interpolation_duration: 1}
$data merge entity $(bone_rightarm) {transformation: [-0.998f,0.0627f,0.0046f,-0.375f,0.0622f,0.9958f,-0.0664f,1.3703f,-0.0087f,-0.066f,-0.9978f,0.0295f,0f,0f,0f,1f],start_interpolation: 0,interpolation_duration: 1}
$data merge entity $(bone_leftarm) {transformation: [-0.998f,-0.0627f,-0.0046f,0.375f,-0.0622f,0.9958f,-0.0664f,1.3703f,0.0087f,-0.066f,-0.9978f,0.0295f,0f,0f,0f,1f],start_interpolation: 0,interpolation_duration: 1}
$data merge entity $(bone_hat) {transformation: [-1f,0f,0f,0f,0f,0.866f,-0.5f,1.4944f,0f,-0.5f,-0.866f,0.0447f,0f,0f,0f,1f],start_interpolation: 0,interpolation_duration: 1}
$data merge entity $(bone_head) {transformation: [-1f,0f,0f,0f,0f,0.866f,-0.5f,1.4944f,0f,-0.5f,-0.866f,0.0447f,0f,0f,0f,1f],start_interpolation: 0,interpolation_duration: 1}
$data merge entity $(bone_torso) {transformation: [-1f,0f,0f,0f,0f,0.9925f,0.1219f,0.75f,0f,0.1219f,-0.9925f,-0.0467f,0f,0f,0f,1f],start_interpolation: 0,interpolation_duration: 1}