# This file was generated by Animated Java via MC-Build. It is not recommended to edit this file directly.
$data merge entity $(bone_lower_rightleg) {transformation: [-0.999f,0.0434f,-0.0042f,-0.1411f,0.0434f,0.9991f,0.0001f,0.3771f,0.0042f,-0.0001f,-1f,-0.0007f,0f,0f,0f,1f],start_interpolation: 0,interpolation_duration: 1}
$data merge entity $(bone_rightleg) {transformation: [-0.999f,0.0428f,-0.0083f,-0.125f,0.0434f,0.9945f,-0.0957f,0.75f,0.0042f,-0.0959f,-0.9954f,-0.0367f,0f,0f,0f,1f],start_interpolation: 0,interpolation_duration: 1}
$data merge entity $(bone_lower_leftleg) {transformation: [-0.999f,-0.0434f,0.0042f,0.1411f,-0.0434f,0.9991f,0.0001f,0.3771f,-0.0042f,-0.0001f,-1f,-0.0007f,0f,0f,0f,1f],start_interpolation: 0,interpolation_duration: 1}
$data merge entity $(bone_leftleg) {transformation: [-0.999f,-0.0428f,0.0083f,0.125f,-0.0434f,0.9945f,-0.0957f,0.75f,-0.0042f,-0.0959f,-0.9954f,-0.0367f,0f,0f,0f,1f],start_interpolation: 0,interpolation_duration: 1}
$data merge entity $(bone_rightarm) {transformation: [-0.9964f,0.0847f,0.0006f,-0.375f,0.0835f,0.9839f,-0.1577f,1.3721f,-0.014f,-0.1571f,-0.9875f,0.0232f,0f,0f,0f,1f],start_interpolation: 0,interpolation_duration: 1}
$data merge entity $(bone_leftarm) {transformation: [-0.9964f,-0.0847f,-0.0006f,0.375f,-0.0835f,0.9839f,-0.1577f,1.3721f,0.014f,-0.1571f,-0.9875f,0.0232f,0f,0f,0f,1f],start_interpolation: 0,interpolation_duration: 1}
$data merge entity $(bone_hat) {transformation: [-1f,0f,0f,0f,0f,0.866f,-0.5f,1.4965f,0f,-0.5f,-0.866f,0.0352f,0f,0f,0f,1f],start_interpolation: 0,interpolation_duration: 1}
$data merge entity $(bone_head) {transformation: [-1f,0f,0f,0f,0f,0.866f,-0.5f,1.4965f,0f,-0.5f,-0.866f,0.0352f,0f,0f,0f,1f],start_interpolation: 0,interpolation_duration: 1}
$data merge entity $(bone_torso) {transformation: [-1f,0f,0f,0f,0f,0.9954f,0.0958f,0.75f,0f,0.0958f,-0.9954f,-0.0367f,0f,0f,0f,1f],start_interpolation: 0,interpolation_duration: 1}