# This file was generated by Animated Java via MC-Build. It is not recommended to edit this file directly.
$data merge entity $(bone_lower_rightleg) {transformation: [-0.999f,0.0436f,-0.0019f,-0.1413f,0.0436f,0.9991f,0f,0.3757f,0.0019f,0f,-1f,-0.0003f,0f,0f,0f,1f],start_interpolation: 0,interpolation_duration: 1}
$data merge entity $(bone_rightleg) {transformation: [-0.999f,0.0435f,-0.0038f,-0.125f,0.0436f,0.9981f,-0.0435f,0.75f,0.0019f,-0.0437f,-0.999f,-0.0167f,0f,0f,0f,1f],start_interpolation: 0,interpolation_duration: 1}
$data merge entity $(bone_lower_leftleg) {transformation: [-0.999f,-0.0436f,0.0019f,0.1413f,-0.0436f,0.9991f,0f,0.3757f,-0.0019f,0f,-1f,-0.0003f,0f,0f,0f,1f],start_interpolation: 0,interpolation_duration: 1}
$data merge entity $(bone_leftleg) {transformation: [-0.999f,-0.0435f,0.0038f,0.125f,-0.0436f,0.9981f,-0.0435f,0.75f,-0.0019f,-0.0437f,-0.999f,-0.0167f,0f,0f,0f,1f],start_interpolation: 0,interpolation_duration: 1}
$data merge entity $(bone_rightarm) {transformation: [-0.9998f,0.0193f,0.004f,-0.375f,0.0192f,0.9997f,-0.0152f,1.3744f,-0.0043f,-0.0152f,-0.9999f,0.0106f,0f,0f,0f,1f],start_interpolation: 0,interpolation_duration: 1}
$data merge entity $(bone_leftarm) {transformation: [-0.9998f,-0.0193f,-0.004f,0.375f,-0.0192f,0.9997f,-0.0152f,1.3744f,0.0043f,-0.0152f,-0.9999f,0.0106f,0f,0f,0f,1f],start_interpolation: 0,interpolation_duration: 1}
$data merge entity $(bone_hat) {transformation: [-1f,0f,0f,0f,0f,0.866f,-0.5f,1.4993f,0f,-0.5f,-0.866f,0.016f,0f,0f,0f,1f],start_interpolation: 0,interpolation_duration: 1}
$data merge entity $(bone_head) {transformation: [-1f,0f,0f,0f,0f,0.866f,-0.5f,1.4993f,0f,-0.5f,-0.866f,0.016f,0f,0f,0f,1f],start_interpolation: 0,interpolation_duration: 1}
$data merge entity $(bone_torso) {transformation: [-1f,0f,0f,0f,0f,0.999f,0.0436f,0.75f,0f,0.0436f,-0.999f,-0.0167f,0f,0f,0f,1f],start_interpolation: 0,interpolation_duration: 1}