# This file was generated by Animated Java via MC-Build. It is not recommended to edit this file directly.
$data merge entity $(bone_lower_rightleg) {transformation: [-0.999f,0.0435f,-0.0027f,-0.1412f,0.0435f,0.9991f,0.0001f,0.3761f,0.0027f,-0.0001f,-1f,-0.0004f,0f,0f,0f,1f],start_interpolation: 0,interpolation_duration: 1}
$data merge entity $(bone_rightleg) {transformation: [-0.999f,0.0433f,-0.0053f,-0.125f,0.0435f,0.9972f,-0.0609f,0.75f,0.0027f,-0.0611f,-0.9981f,-0.0233f,0f,0f,0f,1f],start_interpolation: 0,interpolation_duration: 1}
$data merge entity $(bone_lower_leftleg) {transformation: [-0.999f,-0.0435f,0.0027f,0.1412f,-0.0435f,0.9991f,0.0001f,0.3761f,-0.0027f,-0.0001f,-1f,-0.0004f,0f,0f,0f,1f],start_interpolation: 0,interpolation_duration: 1}
$data merge entity $(bone_leftleg) {transformation: [-0.999f,-0.0433f,0.0053f,0.125f,-0.0435f,0.9972f,-0.0609f,0.75f,-0.0027f,-0.0611f,-0.9981f,-0.0233f,0f,0f,0f,1f],start_interpolation: 0,interpolation_duration: 1}
$data merge entity $(bone_rightarm) {transformation: [-0.9996f,0.0287f,0.0051f,-0.375f,0.0286f,0.9992f,-0.0262f,1.3738f,-0.0058f,-0.026f,-0.9996f,0.0148f,0f,0f,0f,1f],start_interpolation: 0,interpolation_duration: 1}
$data merge entity $(bone_leftarm) {transformation: [-0.9996f,-0.0287f,-0.0051f,0.375f,-0.0286f,0.9992f,-0.0262f,1.3738f,0.0058f,-0.026f,-0.9996f,0.0148f,0f,0f,0f,1f],start_interpolation: 0,interpolation_duration: 1}
$data merge entity $(bone_hat) {transformation: [-1f,0f,0f,0f,0f,0.866f,-0.5f,1.4986f,0f,-0.5f,-0.866f,0.0225f,0f,0f,0f,1f],start_interpolation: 0,interpolation_duration: 1}
$data merge entity $(bone_head) {transformation: [-1f,0f,0f,0f,0f,0.866f,-0.5f,1.4986f,0f,-0.5f,-0.866f,0.0225f,0f,0f,0f,1f],start_interpolation: 0,interpolation_duration: 1}
$data merge entity $(bone_torso) {transformation: [-1f,0f,0f,0f,0f,0.9981f,0.061f,0.75f,0f,0.061f,-0.9981f,-0.0233f,0f,0f,0f,1f],start_interpolation: 0,interpolation_duration: 1}