# This file was generated by Animated Java via MC-Build. It is not recommended to edit this file directly.
$data merge entity $(bone_lower_rightleg) {transformation: [-0.999f,0.0435f,-0.003f,-0.1412f,0.0435f,0.9991f,0.0001f,0.3763f,0.003f,-0.0001f,-1f,-0.0005f,0f,0f,0f,1f],start_interpolation: 0,interpolation_duration: 1}
$data merge entity $(bone_rightleg) {transformation: [-0.999f,0.0432f,-0.0061f,-0.125f,0.0435f,0.9966f,-0.0696f,0.75f,0.003f,-0.0698f,-0.9976f,-0.0267f,0f,0f,0f,1f],start_interpolation: 0,interpolation_duration: 1}
$data merge entity $(bone_lower_leftleg) {transformation: [-0.999f,-0.0435f,0.003f,0.1412f,-0.0435f,0.9991f,0.0001f,0.3763f,-0.003f,-0.0001f,-1f,-0.0005f,0f,0f,0f,1f],start_interpolation: 0,interpolation_duration: 1}
$data merge entity $(bone_leftleg) {transformation: [-0.999f,-0.0432f,0.0061f,0.125f,-0.0435f,0.9966f,-0.0696f,0.75f,-0.003f,-0.0698f,-0.9976f,-0.0267f,0f,0f,0f,1f],start_interpolation: 0,interpolation_duration: 1}
$data merge entity $(bone_rightarm) {transformation: [-0.9994f,0.0335f,0.0054f,-0.375f,0.0333f,0.9989f,-0.0319f,1.3735f,-0.0065f,-0.0317f,-0.9995f,0.0169f,0f,0f,0f,1f],start_interpolation: 0,interpolation_duration: 1}
$data merge entity $(bone_leftarm) {transformation: [-0.9994f,-0.0335f,-0.0054f,0.375f,-0.0333f,0.9989f,-0.0319f,1.3735f,0.0065f,-0.0317f,-0.9995f,0.0169f,0f,0f,0f,1f],start_interpolation: 0,interpolation_duration: 1}
$data merge entity $(bone_hat) {transformation: [-1f,0f,0f,0f,0f,0.866f,-0.5f,1.4982f,0f,-0.5f,-0.866f,0.0257f,0f,0f,0f,1f],start_interpolation: 0,interpolation_duration: 1}
$data merge entity $(bone_head) {transformation: [-1f,0f,0f,0f,0f,0.866f,-0.5f,1.4982f,0f,-0.5f,-0.866f,0.0257f,0f,0f,0f,1f],start_interpolation: 0,interpolation_duration: 1}
$data merge entity $(bone_torso) {transformation: [-1f,0f,0f,0f,0f,0.9976f,0.0698f,0.75f,0f,0.0698f,-0.9976f,-0.0267f,0f,0f,0f,1f],start_interpolation: 0,interpolation_duration: 1}