# This file was generated by Animated Java via MC-Build. It is not recommended to edit this file directly.
$data merge entity $(bone_lower_rightleg) {transformation: [-0.999f,0.0435f,-0.0034f,-0.1412f,0.0435f,0.9991f,0.0001f,0.3765f,0.0034f,-0.0001f,-1f,-0.0006f,0f,0f,0f,1f],start_interpolation: 0,interpolation_duration: 1}
$data merge entity $(bone_rightleg) {transformation: [-0.999f,0.0431f,-0.0068f,-0.125f,0.0435f,0.996f,-0.0783f,0.75f,0.0034f,-0.0785f,-0.9969f,-0.03f,0f,0f,0f,1f],start_interpolation: 0,interpolation_duration: 1}
$data merge entity $(bone_lower_leftleg) {transformation: [-0.999f,-0.0435f,0.0034f,0.1412f,-0.0435f,0.9991f,0.0001f,0.3765f,-0.0034f,-0.0001f,-1f,-0.0006f,0f,0f,0f,1f],start_interpolation: 0,interpolation_duration: 1}
$data merge entity $(bone_leftleg) {transformation: [-0.999f,-0.0431f,0.0068f,0.125f,-0.0435f,0.996f,-0.0783f,0.75f,-0.0034f,-0.0785f,-0.9969f,-0.03f,0f,0f,0f,1f],start_interpolation: 0,interpolation_duration: 1}
$data merge entity $(bone_rightarm) {transformation: [-0.9992f,0.0384f,0.0056f,-0.375f,0.0381f,0.9986f,-0.0377f,1.3731f,-0.0071f,-0.0374f,-0.9993f,0.019f,0f,0f,0f,1f],start_interpolation: 0,interpolation_duration: 1}
$data merge entity $(bone_leftarm) {transformation: [-0.9992f,-0.0384f,-0.0056f,0.375f,-0.0381f,0.9986f,-0.0377f,1.3731f,0.0071f,-0.0374f,-0.9993f,0.019f,0f,0f,0f,1f],start_interpolation: 0,interpolation_duration: 1}
$data merge entity $(bone_hat) {transformation: [-1f,0f,0f,0f,0f,0.866f,-0.5f,1.4977f,0f,-0.5f,-0.866f,0.0288f,0f,0f,0f,1f],start_interpolation: 0,interpolation_duration: 1}
$data merge entity $(bone_head) {transformation: [-1f,0f,0f,0f,0f,0.866f,-0.5f,1.4977f,0f,-0.5f,-0.866f,0.0288f,0f,0f,0f,1f],start_interpolation: 0,interpolation_duration: 1}
$data merge entity $(bone_torso) {transformation: [-1f,0f,0f,0f,0f,0.9969f,0.0785f,0.75f,0f,0.0785f,-0.9969f,-0.03f,0f,0f,0f,1f],start_interpolation: 0,interpolation_duration: 1}