# This file was generated by Animated Java via MC-Build. It is not recommended to edit this file directly.
$data merge entity $(bone_lower_rightleg) {transformation: [-1f,-0.0011f,0.0021f,-0.1254f,0.0021f,-0.0085f,1f,0.1397f,-0.0011f,1f,0.0085f,0.084f,0f,0f,0f,1f],start_interpolation: 0,interpolation_duration: 1}
$data merge entity $(bone_rightleg) {transformation: [-1f,0.0023f,0.0006f,-0.1246f,0.0021f,0.9681f,-0.2506f,0.5027f,-0.0011f,-0.2506f,-0.9681f,-0.0099f,0f,0f,0f,1f],start_interpolation: 0,interpolation_duration: 1}
$data merge entity $(bone_lower_leftleg) {transformation: [-1f,-0.0011f,0.002f,0.1237f,0.002f,-0.0079f,1f,0.1343f,-0.0011f,1f,0.0079f,0.1041f,0f,0f,0f,1f],start_interpolation: 0,interpolation_duration: 1}
$data merge entity $(bone_leftleg) {transformation: [-1f,0.0022f,0.0006f,0.1246f,0.002f,0.9679f,-0.2512f,0.4973f,-0.0011f,-0.2512f,-0.9679f,0.0099f,0f,0f,0f,1f],start_interpolation: 0,interpolation_duration: 1}
$data merge entity $(bone_rightarm) {transformation: [-0.9966f,0.0806f,0.0172f,-0.3736f,0.0217f,0.4583f,-0.8885f,1.1115f,-0.0795f,-0.8851f,-0.4585f,0.1332f,0f,0f,0f,1f],start_interpolation: 0,interpolation_duration: 1}
$data merge entity $(bone_leftarm) {transformation: [-0.9966f,0.0805f,-0.0177f,0.3739f,0.0217f,0.0496f,-0.9985f,1.0952f,-0.0795f,-0.9955f,-0.0512f,0.1928f,0f,0f,0f,1f],start_interpolation: 0,interpolation_duration: 1}
$data merge entity $(bone_hat) {transformation: [-0.9966f,0.0216f,0.0795f,0.0002f,0.0217f,0.9998f,0.0011f,1.2241f,-0.0795f,0.0028f,-0.9968f,0.1956f,0f,0f,0f,1f],start_interpolation: 0,interpolation_duration: 1}
$data merge entity $(bone_head) {transformation: [-0.9966f,0.0216f,0.0795f,0.0002f,0.0217f,0.9998f,0.0011f,1.2241f,-0.0795f,0.0028f,-0.9968f,0.1956f,0f,0f,0f,1f],start_interpolation: 0,interpolation_duration: 1}
$data merge entity $(bone_torso) {transformation: [-0.9966f,0.0003f,0.0824f,0f,0.0217f,0.9654f,0.2598f,0.5f,-0.0795f,0.2607f,-0.9621f,0f,0f,0f,0f,1f],start_interpolation: 0,interpolation_duration: 1}