# This file was generated by Animated Java via MC-Build. It is not recommended to edit this file directly.
$data merge entity $(bone_lower_rightleg) {transformation: [-0.9977f,-0.0601f,-0.0314f,-0.1184f,-0.0343f,0.0481f,0.9983f,0.1389f,-0.0584f,0.997f,-0.05f,0.1306f,0f,0f,0f,1f],start_interpolation: 0,interpolation_duration: 1}
$data merge entity $(bone_rightleg) {transformation: [-0.9977f,-0.0148f,0.0661f,-0.1239f,-0.0343f,0.9518f,-0.3048f,0.4958f,-0.0584f,-0.3064f,-0.9501f,0.0158f,0f,0f,0f,1f],start_interpolation: 0,interpolation_duration: 1}
$data merge entity $(bone_lower_leftleg) {transformation: [-0.9978f,-0.0595f,-0.0309f,0.1293f,-0.0327f,0.0311f,0.999f,0.1454f,-0.0584f,0.9977f,-0.0329f,0.093f,0f,0f,0f,1f],start_interpolation: 0,interpolation_duration: 1}
$data merge entity $(bone_leftleg) {transformation: [-0.9978f,-0.0144f,0.0654f,0.1239f,-0.0327f,0.9569f,-0.2886f,0.5042f,-0.0584f,-0.2901f,-0.9552f,-0.0158f,0f,0f,0f,1f],start_interpolation: 0,interpolation_duration: 1}
$data merge entity $(bone_rightarm) {transformation: [-0.9915f,-0.1305f,-0.0001f,-0.3718f,-0.0337f,0.2565f,-0.9659f,1.0911f,0.126f,-0.9577f,-0.2587f,0.209f,0f,0f,0f,1f],start_interpolation: 0,interpolation_duration: 1}
$data merge entity $(bone_leftarm) {transformation: [-0.9915f,-0.1305f,-0.0001f,0.3718f,-0.0337f,0.2565f,-0.9659f,1.1164f,0.126f,-0.9577f,-0.2587f,0.1145f,0f,0f,0f,1f],start_interpolation: 0,interpolation_duration: 1}
$data merge entity $(bone_hat) {transformation: [-0.9915f,-0.0337f,-0.126f,0f,-0.0337f,0.9994f,-0.0022f,1.2245f,0.126f,0.0021f,-0.992f,0.1941f,0f,0f,0f,1f],start_interpolation: 0,interpolation_duration: 1}
$data merge entity $(bone_head) {transformation: [-0.9915f,-0.0337f,-0.126f,0f,-0.0337f,0.9994f,-0.0022f,1.2245f,0.126f,0.0021f,-0.992f,0.1941f,0f,0f,0f,1f],start_interpolation: 0,interpolation_duration: 1}
$data merge entity $(bone_torso) {transformation: [-0.9915f,0.0001f,-0.1305f,0f,-0.0337f,0.9659f,0.2565f,0.5f,0.126f,0.2587f,-0.9577f,0f,0f,0f,0f,1f],start_interpolation: 0,interpolation_duration: 1}