# This file was generated by Animated Java via MC-Build. It is not recommended to edit this file directly.
$data merge entity $(bone_lower_rightleg) {transformation: [-1f,0.003f,0.0008f,-0.125f,0.001f,0.0479f,0.9989f,0.1424f,0.003f,0.9988f,-0.0479f,0.1161f,0f,0f,0f,1f],start_interpolation: 0,interpolation_duration: 1}
$data merge entity $(bone_rightleg) {transformation: [-1f,0f,-0.0031f,-0.125f,0.001f,0.9524f,-0.3048f,0.4995f,0.003f,-0.3048f,-0.9524f,0.0018f,0f,0f,0f,1f],start_interpolation: 0,interpolation_duration: 1}
$data merge entity $(bone_lower_leftleg) {transformation: [-1f,0.003f,0.0008f,0.125f,0.0009f,0.0485f,0.9988f,0.1434f,0.003f,0.9988f,-0.0485f,0.1128f,0f,0f,0f,1f],start_interpolation: 0,interpolation_duration: 1}
$data merge entity $(bone_leftleg) {transformation: [-1f,0f,-0.0031f,0.125f,0.0009f,0.9522f,-0.3054f,0.5005f,0.003f,-0.3054f,-0.9522f,-0.0018f,0f,0f,0f,1f],start_interpolation: 0,interpolation_duration: 1}
$data merge entity $(bone_rightarm) {transformation: [-0.9999f,-0.0142f,0.0032f,-0.375f,-0.0039f,0.0477f,-0.9989f,1.1024f,0.014f,-0.9988f,-0.0477f,0.1666f,0f,0f,0f,1f],start_interpolation: 0,interpolation_duration: 1}
$data merge entity $(bone_leftarm) {transformation: [-0.9999f,-0.0143f,-0.003f,0.3749f,-0.0039f,0.4567f,-0.8896f,1.1053f,0.014f,-0.8895f,-0.4567f,0.156f,0f,0f,0f,1f],start_interpolation: 0,interpolation_duration: 1}
$data merge entity $(bone_hat) {transformation: [-0.9999f,-0.0039f,-0.014f,-0.0001f,-0.0039f,1f,-0.0008f,1.2246f,0.014f,-0.0007f,-0.9999f,0.1936f,0f,0f,0f,1f],start_interpolation: 0,interpolation_duration: 1}
$data merge entity $(bone_head) {transformation: [-0.9999f,-0.0039f,-0.014f,-0.0001f,-0.0039f,1f,-0.0008f,1.2246f,0.014f,-0.0007f,-0.9999f,0.1936f,0f,0f,0f,1f],start_interpolation: 0,interpolation_duration: 1}
$data merge entity $(bone_torso) {transformation: [-0.9999f,-0.0001f,-0.0146f,0f,-0.0039f,0.9661f,0.2581f,0.5f,0.014f,0.2581f,-0.966f,0f,0f,0f,0f,1f],start_interpolation: 0,interpolation_duration: 1}