# This file was generated by Animated Java via MC-Build. It is not recommended to edit this file directly.
$data merge entity $(bone_lower_rightleg) {transformation: [-0.9986f,-0.0511f,-0.0152f,-0.124f,-0.0157f,0.0086f,0.9998f,0.1415f,-0.051f,0.9987f,-0.0093f,0.0898f,0f,0f,0f,1f],start_interpolation: 0,interpolation_duration: 1}
$data merge entity $(bone_rightleg) {transformation: [-0.9986f,-0.0015f,0.0533f,-0.1245f,-0.0157f,0.9636f,-0.267f,0.5028f,-0.051f,-0.2675f,-0.9622f,-0.0105f,0f,0f,0f,1f],start_interpolation: 0,interpolation_duration: 1}
$data merge entity $(bone_lower_leftleg) {transformation: [-0.9986f,-0.0509f,-0.0147f,0.1249f,-0.0145f,-0.004f,0.9999f,0.1346f,-0.0509f,0.9987f,0.0033f,0.1063f,0f,0f,0f,1f],start_interpolation: 0,interpolation_duration: 1}
$data merge entity $(bone_leftleg) {transformation: [-0.9986f,-0.001f,0.0529f,0.1245f,-0.0145f,0.9669f,-0.2549f,0.4972f,-0.0509f,-0.2553f,-0.9655f,0.0105f,0f,0f,0f,1f],start_interpolation: 0,interpolation_duration: 1}
$data merge entity $(bone_rightarm) {transformation: [-0.9962f,0.0852f,-0.0185f,-0.3736f,0.0226f,0.0474f,-0.9986f,1.1122f,-0.0842f,-0.9952f,-0.0492f,0.1301f,0f,0f,0f,1f],start_interpolation: 0,interpolation_duration: 1}
$data merge entity $(bone_leftarm) {transformation: [-0.9962f,0.0852f,0.0184f,0.3736f,0.0226f,0.4564f,-0.8895f,1.0952f,-0.0842f,-0.8857f,-0.4566f,0.1933f,0f,0f,0f,1f],start_interpolation: 0,interpolation_duration: 1}
$data merge entity $(bone_hat) {transformation: [-0.9962f,0.0226f,0.0842f,0f,0.0226f,0.9997f,-0.001f,1.2245f,-0.0842f,0.0009f,-0.9964f,0.1941f,0f,0f,0f,1f],start_interpolation: 0,interpolation_duration: 1}
$data merge entity $(bone_head) {transformation: [-0.9962f,0.0226f,0.0842f,0f,0.0226f,0.9997f,-0.001f,1.2245f,-0.0842f,0.0009f,-0.9964f,0.1941f,0f,0f,0f,1f],start_interpolation: 0,interpolation_duration: 1}
$data merge entity $(bone_torso) {transformation: [-0.9962f,0f,0.0872f,0f,0.0226f,0.9659f,0.2578f,0.5f,-0.0842f,0.2588f,-0.9623f,0f,0f,0f,0f,1f],start_interpolation: 0,interpolation_duration: 1}