execute if entity @s[tag=aj.banker.bone.rightarm] run data modify entity @s {} merge value {transformation:[-0.9659258262890683f,0.2500000000000001f,0.06698729810778052f,-0.375f,-0.24999999999999997f,-0.8342337669056574f,-0.49148145657226683f,0.9787036414306677f,-0.06698729810778078f,-0.49148145657226683f,0.8683079406165892f,0.1617619031890754f,0f,0f,0f,1f],start_interpolation:0}
execute if entity @s[tag=aj.banker.bone.leftarm] run data modify entity @s {} merge value {transformation:[-0.9659258262890683f,-0.24999999999999994f,-0.06698729810778072f,0.375f,0.24999999999999997f,-0.8342337669056574f,-0.49148145657226683f,0.9787036414306677f,0.06698729810778054f,-0.4914814565722669f,0.8683079406165891f,0.16176190318907552f,0f,0f,0f,1f],start_interpolation:0}
execute if entity @s[tag=aj.banker.bone.hat] run data modify entity @s {} merge value {transformation:[-1f,-3.169619151431765e-17f,1.1829179713786698e-16f,-2.3772143635738236e-17f,0f,0.9659258262890683f,0.25881904510252074f,1.0994443697168013f,-1.2246467991473532e-16f,0.25881904510252074f,-0.9659258262890683f,0.19411428382689055f,0f,0f,0f,1f],start_interpolation:0}
execute if entity @s[tag=aj.banker.bone.head] run data modify entity @s {} merge value {transformation:[-1f,-3.169619151431765e-17f,1.1829179713786698e-16f,-2.3772143635738236e-17f,0f,0.9659258262890683f,0.25881904510252074f,1.0994443697168013f,-1.2246467991473532e-16f,0.25881904510252074f,-0.9659258262890683f,0.19411428382689055f,0f,0f,0f,1f],start_interpolation:0}