execute if entity @s[tag=aj.banker.bone.rightarm] run data modify entity @s {} merge value {transformation:[-0.9914448613738104f,0.12940952255126043f,0.017037086855465733f,-0.375f,-0.12607862007251908f,-0.9156865996593818f,-0.3816048122925705f,0.9787036414306677f,-0.03378266443126194f,-0.3804881426237794f,0.924168547888658f,0.1617619031890754f,0f,0f,0f,1f],start_interpolation:0}
execute if entity @s[tag=aj.banker.bone.leftarm] run data modify entity @s {} merge value {transformation:[-0.9914448613738104f,-0.12940952255126031f,-0.017037086855465962f,0.375f,0.12607862007251908f,-0.9156865996593818f,-0.3816048122925705f,0.9787036414306677f,0.033782664431261704f,-0.3804881426237794f,0.924168547888658f,0.16176190318907552f,0f,0f,0f,1f],start_interpolation:0}
execute if entity @s[tag=aj.banker.bone.hat] run data modify entity @s {} merge value {transformation:[-1f,-5.175581015019659e-17f,1.1099069304367543e-16f,-2.3772143635738236e-17f,0f,0.9063077870366499f,0.4226182617406994f,1.0994443697168013f,-1.2246467991473532e-16f,0.4226182617406994f,-0.9063077870366499f,0.19411428382689055f,0f,0f,0f,1f],start_interpolation:0}
execute if entity @s[tag=aj.banker.bone.head] run data modify entity @s {} merge value {transformation:[-1f,-5.175581015019659e-17f,1.1099069304367543e-16f,-2.3772143635738236e-17f,0f,0.9063077870366499f,0.4226182617406994f,1.0994443697168013f,-1.2246467991473532e-16f,0.4226182617406994f,-0.9063077870366499f,0.19411428382689055f,0f,0f,0f,1f],start_interpolation:0}