execute if entity @s[tag=aj.banker.bone.rightarm] run data modify entity @s {} merge value {transformation:[-0.9991634599276488f,0.04086053706683415f,0.001672380345409726f,-0.375f,-0.03950129244293502f,-0.9537260915119885f,-0.29807078062870174f,0.9787036414306677f,-0.010584339410070172f,-0.29788749366140865f,0.9545423054424442f,0.1617619031890754f,0f,0f,0f,1f],start_interpolation:0}
execute if entity @s[tag=aj.banker.bone.leftarm] run data modify entity @s {} merge value {transformation:[-0.9991634599276488f,-0.04086053706683407f,-0.0016723803454099598f,0.375f,0.03950129244293502f,-0.9537260915119885f,-0.29807078062870174f,0.9787036414306677f,0.010584339410069926f,-0.29788749366140865f,0.9545423054424442f,0.16176190318907552f,0f,0f,0f,1f],start_interpolation:0}
execute if entity @s[tag=aj.banker.bone.hat] run data modify entity @s {} merge value {transformation:[-1f,-1.862974179729382e-17f,1.2103937601947865e-16f,-2.3772143635738236e-17f,0f,0.9883615104677608f,0.15212338618991667f,1.0994443697168013f,-1.2246467991473532e-16f,0.15212338618991667f,-0.9883615104677608f,0.19411428382689055f,0f,0f,0f,1f],start_interpolation:0}
execute if entity @s[tag=aj.banker.bone.head] run data modify entity @s {} merge value {transformation:[-1f,-1.862974179729382e-17f,1.2103937601947865e-16f,-2.3772143635738236e-17f,0f,0.9883615104677608f,0.15212338618991667f,1.0994443697168013f,-1.2246467991473532e-16f,0.15212338618991667f,-0.9883615104677608f,0.19411428382689055f,0f,0f,0f,1f],start_interpolation:0}