execute if entity @s[tag=aj.banker.bone.rightarm] run data modify entity @s {} merge value {transformation:[-0.9914448613738104f,0.12940952255126054f,0.01703708685546575f,-0.375f,-0.1260786200725192f,-0.9156865996593818f,-0.3816048122925705f,0.9787036414306677f,-0.03378266443126197f,-0.3804881426237794f,0.924168547888658f,0.1617619031890754f,0f,0f,0f,1f],start_interpolation:0}
execute if entity @s[tag=aj.banker.bone.leftarm] run data modify entity @s {} merge value {transformation:[-0.9914448613738104f,-0.12940952255126043f,-0.01703708685546598f,0.375f,0.1260786200725192f,-0.9156865996593818f,-0.3816048122925705f,0.9787036414306677f,0.03378266443126173f,-0.3804881426237794f,0.924168547888658f,0.16176190318907552f,0f,0f,0f,1f],start_interpolation:0}
execute if entity @s[tag=aj.banker.bone.hat] run data modify entity @s {} merge value {transformation:[-1f,-1.0673500138322977e-17f,1.21998664834562e-16f,-2.3772143635738236e-17f,0f,0.9961946980917454f,0.08715574274765814f,1.0994443697168013f,-1.2246467991473532e-16f,0.08715574274765814f,-0.9961946980917454f,0.19411428382689055f,0f,0f,0f,1f],start_interpolation:0}
execute if entity @s[tag=aj.banker.bone.head] run data modify entity @s {} merge value {transformation:[-1f,-1.0673500138322977e-17f,1.21998664834562e-16f,-2.3772143635738236e-17f,0f,0.9961946980917454f,0.08715574274765814f,1.0994443697168013f,-1.2246467991473532e-16f,0.08715574274765814f,-0.9961946980917454f,0.19411428382689055f,0f,0f,0f,1f],start_interpolation:0}