execute if entity @s[tag=aj.banker.bone.rightarm] run data modify entity @s {} merge value {transformation:[-0.9991634599276488f,0.04086053706683418f,0.0016723803454097273f,-0.375f,-0.03950129244293505f,-0.9537260915119885f,-0.29807078062870174f,0.9787036414306677f,-0.010584339410070179f,-0.29788749366140865f,0.9545423054424442f,0.1617619031890754f,0f,0f,0f,1f],start_interpolation:0}
execute if entity @s[tag=aj.banker.bone.leftarm] run data modify entity @s {} merge value {transformation:[-0.9991634599276488f,-0.040860537066834096f,-0.001672380345409961f,0.375f,0.03950129244293505f,-0.9537260915119885f,-0.29807078062870174f,0.9787036414306677f,0.010584339410069933f,-0.29788749366140865f,0.9545423054424442f,0.16176190318907552f,0f,0f,0f,1f],start_interpolation:0}
execute if entity @s[tag=aj.banker.bone.hat] run data modify entity @s {} merge value {transformation:[-1f,-1.8629741797293815e-17f,1.2103937601947865e-16f,-2.3772143635738236e-17f,0f,0.9883615104677609f,0.1521233861899166f,1.0994443697168013f,-1.2246467991473532e-16f,0.1521233861899166f,-0.9883615104677609f,0.19411428382689055f,0f,0f,0f,1f],start_interpolation:0}
execute if entity @s[tag=aj.banker.bone.head] run data modify entity @s {} merge value {transformation:[-1f,-1.8629741797293815e-17f,1.2103937601947865e-16f,-2.3772143635738236e-17f,0f,0.9883615104677609f,0.1521233861899166f,1.0994443697168013f,-1.2246467991473532e-16f,0.1521233861899166f,-0.9883615104677609f,0.19411428382689055f,0f,0f,0f,1f],start_interpolation:0}