execute if entity @s[tag=aj.banker.bone.rightarm] run data modify entity @s {} merge value {transformation:[-0.9757021300385286f,0.2137775467151412f,0.048005353438278206f,-0.375f,-0.21163554643948412f,-0.8628486418447218f,-0.4590235470539399f,0.9787036414306677f,-0.05670757375817925f,-0.45802989180530046f,0.8871261856642977f,0.1617619031890754f,0f,0f,0f,1f],start_interpolation:0}
execute if entity @s[tag=aj.banker.bone.leftarm] run data modify entity @s {} merge value {transformation:[-0.9757021300385286f,-0.2137775467151411f,-0.04800535343827843f,0.375f,0.21163554643948412f,-0.8628486418447218f,-0.4590235470539399f,0.9787036414306677f,0.05670757375817902f,-0.4580298918053005f,0.8871261856642977f,0.16176190318907552f,0f,0f,0f,1f],start_interpolation:0}
execute if entity @s[tag=aj.banker.bone.hat] run data modify entity @s {} merge value {transformation:[-1f,-4.43858583473381e-17f,1.1413804538973241e-16f,-2.3772143635738236e-17f,0f,0.9320078692827987f,0.3624380382837015f,1.0994443697168013f,-1.2246467991473532e-16f,0.3624380382837015f,-0.9320078692827987f,0.19411428382689055f,0f,0f,0f,1f],start_interpolation:0}
execute if entity @s[tag=aj.banker.bone.head] run data modify entity @s {} merge value {transformation:[-1f,-4.43858583473381e-17f,1.1413804538973241e-16f,-2.3772143635738236e-17f,0f,0.9320078692827987f,0.3624380382837015f,1.0994443697168013f,-1.2246467991473532e-16f,0.3624380382837015f,-0.9320078692827987f,0.19411428382689055f,0f,0f,0f,1f],start_interpolation:0}