# This file was generated by Animated Java via MC-Build. It is not recommended to edit this file directly.
$data merge entity $(bone_lowerrightleg) {transformation: [-1f,0f,0f,-0.125f,0f,0.8492f,0.5281f,0.3779f,0f,0.5281f,-0.8492f,-0.0461f,0f,0f,0f,1f],start_interpolation: 0,interpolation_duration: 1}
$data merge entity $(bone_rightleg) {transformation: [-1f,0f,0f,-0.125f,0f,0.9924f,0.1231f,0.75f,0f,0.1231f,-0.9924f,0f,0f,0f,0f,1f],start_interpolation: 0,interpolation_duration: 1}
$data merge entity $(bone_lowerleftleg) {transformation: [-1f,0f,0f,0.125f,0f,0.9905f,-0.1379f,0.3848f,0f,-0.1379f,-0.9905f,0.0851f,0f,0f,0f,1f],start_interpolation: 0,interpolation_duration: 1}
$data merge entity $(bone_leftleg) {transformation: [-1f,0f,0f,0.125f,0f,0.9739f,-0.2269f,0.75f,0f,-0.2269f,-0.9739f,0f,0f,0f,0f,1f],start_interpolation: 0,interpolation_duration: 1}
$data merge entity $(block_display_tingle_pen) {transformation: [-0.4621f,-0.076f,0.187f,-0.0128f,-0.0917f,-0.7708f,-0.305f,1.1771f,0.1673f,-0.6325f,0.3493f,0.7093f,0f,0f,0f,1f],start_interpolation: 0,interpolation_duration: 1}
$data merge entity $(bone_rightarm) {transformation: [-0.9243f,-0.3741f,-0.076f,-0.375f,-0.1835f,0.61f,-0.7708f,1.1774f,0.3347f,-0.6985f,-0.6325f,0.4561f,0f,0f,0f,1f],start_interpolation: 0,interpolation_duration: 1}
$data merge entity $(item_display_tingle_book) {transformation: [-0.4787f,-0.0544f,-0.1336f,-0.0181f,-0.1364f,0.0192f,0.4807f,0.6744f,-0.0472f,0.4967f,-0.0332f,0.747f,0f,0f,0f,1f],start_interpolation: 0,interpolation_duration: 1}
$data merge entity $(bone_leftarm) {transformation: [-0.866f,0.488f,0.1088f,0.375f,0.4869f,0.8726f,-0.0383f,1.1774f,-0.1137f,0.0198f,-0.9933f,0.4561f,0f,0f,0f,1f],start_interpolation: 0,interpolation_duration: 1}
$data merge entity $(bone_head) {transformation: [-1f,0f,0f,0f,0f,0.5719f,0.8203f,1.2628f,0f,0.8203f,-0.5719f,0.5473f,0f,0f,0f,1f],start_interpolation: 0,interpolation_duration: 1}
$data merge entity $(item_display_tingles_pack) {transformation: [-0.5f,0f,0f,0f,0f,0.3419f,0.1824f,1.2743f,0f,0.3649f,-0.1709f,0.1939f,0f,0f,0f,1f],start_interpolation: 0,interpolation_duration: 1}
$data merge entity $(item_display_tingles_ballon_small) {transformation: [-0.0945f,0f,0f,0f,0f,-0.0945f,0f,1.5653f,0f,0f,0.0945f,0.2131f,0f,0f,0f,1f],start_interpolation: 0,interpolation_duration: 1}
$data merge entity $(item_display_tingles_ballon_big) {transformation: [-0.189f,0f,0f,0f,0f,-0.1536f,0f,1.6075f,0f,0f,0.189f,0.196f,0f,0f,0f,1f],start_interpolation: 0,interpolation_duration: 1}
$data merge entity $(bone_torso) {transformation: [-1f,0f,0f,0f,0f,0.6838f,0.7297f,0.75f,0f,0.7297f,-0.6838f,0f,0f,0f,0f,1f],start_interpolation: 0,interpolation_duration: 1}