# This file was generated by Animated Java via MC-Build. It is not recommended to edit this file directly.
$data merge entity $(bone_lowerrightleg) {transformation: [-1f,0f,0f,-0.125f,0f,0.8674f,0.4977f,0.3781f,0f,0.4977f,-0.8674f,-0.0483f,0f,0f,0f,1f],start_interpolation: 0,interpolation_duration: 1}
$data merge entity $(bone_rightleg) {transformation: [-1f,0f,0f,-0.125f,0f,0.9917f,0.1289f,0.75f,0f,0.1289f,-0.9917f,0f,0f,0f,0f,1f],start_interpolation: 0,interpolation_duration: 1}
$data merge entity $(bone_lowerleftleg) {transformation: [-1f,0f,0f,0.125f,0f,1f,0.0018f,0.3782f,0f,0.0018f,-1f,0.0487f,0f,0f,0f,1f],start_interpolation: 0,interpolation_duration: 1}
$data merge entity $(bone_leftleg) {transformation: [-1f,0f,0f,0.125f,0f,0.9915f,-0.1298f,0.75f,0f,-0.1298f,-0.9915f,0f,0f,0f,0f,1f],start_interpolation: 0,interpolation_duration: 1}
$data merge entity $(block_display_tingle_pen) {transformation: [-0.4385f,-0.0761f,0.2371f,0.0067f,-0.1306f,-0.753f,-0.302f,1.1822f,0.2015f,-0.6536f,0.3203f,0.6898f,0f,0f,0f,1f],start_interpolation: 0,interpolation_duration: 1}
$data merge entity $(bone_rightarm) {transformation: [-0.8771f,-0.4743f,-0.0761f,-0.375f,-0.2613f,0.6039f,-0.753f,1.1644f,0.4031f,-0.6405f,-0.6536f,0.4679f,0f,0f,0f,1f],start_interpolation: 0,interpolation_duration: 1}
$data merge entity $(item_display_tingle_book) {transformation: [-0.4782f,-0.0579f,-0.1342f,-0.0193f,-0.135f,-0.001f,0.4814f,0.6495f,-0.056f,0.4966f,-0.0147f,0.7356f,0f,0f,0f,1f],start_interpolation: 0,interpolation_duration: 1}
$data merge entity $(bone_leftarm) {transformation: [-0.866f,0.4864f,0.1157f,0.375f,0.4899f,0.8718f,0.0019f,1.1644f,-0.0999f,0.0583f,-0.9933f,0.4679f,0f,0f,0f,1f],start_interpolation: 0,interpolation_duration: 1}
$data merge entity $(bone_head) {transformation: [-1f,0f,0f,0f,0f,0.6617f,0.7498f,1.2473f,0f,0.7498f,-0.6617f,0.5615f,0f,0f,0f,1f],start_interpolation: 0,interpolation_duration: 1}
$data merge entity $(item_display_tingles_pack) {transformation: [-0.5f,0f,0f,0f,0f,0.3315f,0.1872f,1.2687f,0f,0.3743f,-0.1658f,0.2086f,0f,0f,0f,1f],start_interpolation: 0,interpolation_duration: 1}
$data merge entity $(item_display_tingles_ballon_small) {transformation: [-0.1281f,0f,0f,0f,0f,-0.1281f,0f,1.6001f,0f,0f,0.1281f,0.2334f,0f,0f,0f,1f],start_interpolation: 0,interpolation_duration: 1}
$data merge entity $(item_display_tingles_ballon_big) {transformation: [-0.2562f,0f,0f,0f,0f,-0.2081f,0f,1.6862f,0f,0f,0.2562f,0.222f,0f,0f,0f,1f],start_interpolation: 0,interpolation_duration: 1}
$data merge entity $(bone_torso) {transformation: [-1f,0f,0f,0f,0f,0.663f,0.7486f,0.75f,0f,0.7486f,-0.663f,0f,0f,0f,0f,1f],start_interpolation: 0,interpolation_duration: 1}