# This file was generated by Animated Java via MC-Build. It is not recommended to edit this file directly.
$data merge entity $(bone_lowerrightleg) {transformation: [-1f,0f,0f,-0.125f,0f,0.9054f,0.4245f,0.3774f,0f,0.4245f,-0.9054f,-0.0424f,0f,0f,0f,1f],start_interpolation: 0,interpolation_duration: 1}
$data merge entity $(bone_rightleg) {transformation: [-1f,0f,0f,-0.125f,0f,0.9936f,0.113f,0.75f,0f,0.113f,-0.9936f,0f,0f,0f,0f,1f],start_interpolation: 0,interpolation_duration: 1}
$data merge entity $(bone_lowerleftleg) {transformation: [-1f,0f,0f,0.125f,0f,0.9813f,0.1926f,0.375f,0f,0.1926f,-0.9813f,0.0017f,0f,0f,0f,1f],start_interpolation: 0,interpolation_duration: 1}
$data merge entity $(bone_leftleg) {transformation: [-1f,0f,0f,0.125f,0f,1f,-0.0046f,0.75f,0f,-0.0046f,-1f,0f,0f,0f,0f,1f],start_interpolation: 0,interpolation_duration: 1}
$data merge entity $(block_display_tingle_pen) {transformation: [-0.4423f,-0.0761f,0.23f,0.0042f,-0.1295f,-0.7402f,-0.3103f,1.1648f,0.1939f,-0.6681f,0.3175f,0.7026f,0f,0f,0f,1f],start_interpolation: 0,interpolation_duration: 1}
$data merge entity $(bone_rightarm) {transformation: [-0.8846f,-0.46f,-0.0761f,-0.375f,-0.259f,0.6205f,-0.7402f,1.1552f,0.3877f,-0.6351f,-0.6681f,0.4758f,0f,0f,0f,1f],start_interpolation: 0,interpolation_duration: 1}
$data merge entity $(item_display_tingle_book) {transformation: [-0.4774f,-0.0624f,-0.135f,-0.0207f,-0.1337f,-0.0188f,0.4814f,0.6305f,-0.0652f,0.4957f,0.0013f,0.7213f,0f,0f,0f,1f],start_interpolation: 0,interpolation_duration: 1}
$data merge entity $(bone_leftarm) {transformation: [-0.866f,0.4842f,0.1249f,0.375f,0.4918f,0.8699f,0.0376f,1.1552f,-0.0904f,0.094f,-0.9915f,0.4758f,0f,0f,0f,1f],start_interpolation: 0,interpolation_duration: 1}
$data merge entity $(bone_head) {transformation: [-1f,0f,0f,0f,0f,0.7538f,0.6571f,1.2363f,0f,0.6571f,-0.7538f,0.571f,0f,0f,0f,1f],start_interpolation: 0,interpolation_duration: 1}
$data merge entity $(item_display_tingles_pack) {transformation: [-0.5f,0f,0f,0f,0f,0.3242f,0.1903f,1.2645f,0f,0.3807f,-0.1621f,0.2186f,0f,0f,0f,1f],start_interpolation: 0,interpolation_duration: 1}
$data merge entity $(item_display_tingles_ballon_small) {transformation: [-0.1644f,0f,0f,0f,0f,-0.1644f,0f,1.6331f,0f,0f,0.1644f,0.2497f,0f,0f,0f,1f],start_interpolation: 0,interpolation_duration: 1}
$data merge entity $(item_display_tingles_ballon_big) {transformation: [-0.3288f,0f,0f,0f,0f,-0.2671f,0f,1.7629f,0f,0f,0.3288f,0.2462f,0f,0f,0f,1f],start_interpolation: 0,interpolation_duration: 1}
$data merge entity $(bone_torso) {transformation: [-1f,0f,0f,0f,0f,0.6483f,0.7614f,0.75f,0f,0.7614f,-0.6483f,0f,0f,0f,0f,1f],start_interpolation: 0,interpolation_duration: 1}