# This file was generated by Animated Java via MC-Build. It is not recommended to edit this file directly.
$data merge entity $(bone_lowerrightleg) {transformation: [-1f,0f,0f,-0.125f,0f,0.9919f,0.1267f,0.375f,0f,0.1267f,-0.9919f,0.0018f,0f,0f,0f,1f],start_interpolation: 0,interpolation_duration: 1}
$data merge entity $(bone_rightleg) {transformation: [-1f,0f,0f,-0.125f,0f,1f,-0.0049f,0.75f,0f,-0.0049f,-1f,0f,0f,0f,0f,1f],start_interpolation: 0,interpolation_duration: 1}
$data merge entity $(bone_lowerleftleg) {transformation: [-1f,0f,0f,0.125f,0f,0.861f,0.5086f,0.3788f,0f,0.5086f,-0.861f,-0.053f,0f,0f,0f,1f],start_interpolation: 0,interpolation_duration: 1}
$data merge entity $(bone_leftleg) {transformation: [-1f,0f,0f,0.125f,0f,0.9899f,0.1414f,0.75f,0f,0.1414f,-0.9899f,0f,0f,0f,0f,1f],start_interpolation: 0,interpolation_duration: 1}
$data merge entity $(block_display_tingle_pen) {transformation: [-0.4536f,-0.0761f,0.2069f,-0.0046f,-0.1098f,-0.753f,-0.3101f,1.1667f,0.1794f,-0.6536f,0.3332f,0.709f,0f,0f,0f,1f],start_interpolation: 0,interpolation_duration: 1}
$data merge entity $(bone_rightarm) {transformation: [-0.9072f,-0.4137f,-0.0761f,-0.375f,-0.2197f,0.6202f,-0.753f,1.1644f,0.3588f,-0.6664f,-0.6536f,0.4679f,0f,0f,0f,1f],start_interpolation: 0,interpolation_duration: 1}
$data merge entity $(item_display_tingle_book) {transformation: [-0.4782f,-0.0579f,-0.1342f,-0.0193f,-0.135f,-0.001f,0.4814f,0.6495f,-0.056f,0.4966f,-0.0147f,0.7356f,0f,0f,0f,1f],start_interpolation: 0,interpolation_duration: 1}
$data merge entity $(bone_leftarm) {transformation: [-0.866f,0.4864f,0.1157f,0.375f,0.4899f,0.8718f,0.0019f,1.1644f,-0.0999f,0.0583f,-0.9933f,0.4679f,0f,0f,0f,1f],start_interpolation: 0,interpolation_duration: 1}
$data merge entity $(bone_misc_head_items) {transformation: [-1f,0f,0f,0f,0f,0.6617f,0.7498f,1.2473f,0f,0.7498f,-0.6617f,0.5615f,0f,0f,0f,1f],start_interpolation: 0,interpolation_duration: 1}
$data merge entity $(bone_head) {transformation: [-1f,0f,0f,0f,0f,0.6617f,0.7498f,1.2473f,0f,0.7498f,-0.6617f,0.5615f,0f,0f,0f,1f],start_interpolation: 0,interpolation_duration: 1}
$data merge entity $(item_display_tingles_pack) {transformation: [-0.5f,0f,0f,0f,0f,0.3315f,0.1872f,1.2687f,0f,0.3743f,-0.1658f,0.2086f,0f,0f,0f,1f],start_interpolation: 0,interpolation_duration: 1}
$data merge entity $(item_display_tingles_ballon_small) {transformation: [-0.2866f,0f,0f,0f,0f,-0.2866f,0f,1.7004f,0f,0f,0.2866f,0.2355f,0f,0f,0f,1f],start_interpolation: 0,interpolation_duration: 1}
$data merge entity $(item_display_tingles_ballon_big) {transformation: [-0.5732f,0f,0f,0f,0f,-0.4657f,0f,1.9339f,0f,0f,0.5732f,0.245f,0f,0f,0f,1f],start_interpolation: 0,interpolation_duration: 1}
$data merge entity $(bone_torso) {transformation: [-1f,0f,0f,0f,0f,0.663f,0.7486f,0.75f,0f,0.7486f,-0.663f,0f,0f,0f,0f,1f],start_interpolation: 0,interpolation_duration: 1}