# This file was generated by Animated Java via MC-Build. It is not recommended to edit this file directly.
$data merge entity $(bone_lowerrightleg) {transformation: [-1f,0f,0f,-0.125f,0f,0.9958f,0.0915f,0.3751f,0f,0.0915f,-0.9958f,0.0084f,0f,0f,0f,1f],start_interpolation: 0,interpolation_duration: 1}
$data merge entity $(bone_rightleg) {transformation: [-1f,0f,0f,-0.125f,0f,0.9997f,-0.0224f,0.75f,0f,-0.0224f,-0.9997f,0f,0f,0f,0f,1f],start_interpolation: 0,interpolation_duration: 1}
$data merge entity $(bone_lowerleftleg) {transformation: [-1f,0f,0f,0.125f,0f,0.8524f,0.523f,0.3787f,0f,0.523f,-0.8524f,-0.0526f,0f,0f,0f,1f],start_interpolation: 0,interpolation_duration: 1}
$data merge entity $(bone_leftleg) {transformation: [-1f,0f,0f,0.125f,0f,0.9901f,0.1402f,0.75f,0f,0.1402f,-0.9901f,0f,0f,0f,0f,1f],start_interpolation: 0,interpolation_duration: 1}
$data merge entity $(block_display_tingle_pen) {transformation: [-0.4621f,-0.076f,0.187f,-0.0128f,-0.095f,-0.7584f,-0.3118f,1.1632f,0.1655f,-0.6474f,0.3433f,0.7175f,0f,0f,0f,1f],start_interpolation: 0,interpolation_duration: 1}
$data merge entity $(bone_rightarm) {transformation: [-0.9243f,-0.3741f,-0.076f,-0.375f,-0.19f,0.6235f,-0.7584f,1.1684f,0.331f,-0.6865f,-0.6474f,0.4643f,0f,0f,0f,1f],start_interpolation: 0,interpolation_duration: 1}
$data merge entity $(item_display_tingle_book) {transformation: [-0.4784f,-0.0564f,-0.134f,-0.0188f,-0.1355f,0.0059f,0.4813f,0.6575f,-0.0527f,0.4968f,-0.0209f,0.7402f,0f,0f,0f,1f],start_interpolation: 0,interpolation_duration: 1}
$data merge entity $(bone_leftarm) {transformation: [-0.866f,0.4871f,0.1128f,0.375f,0.489f,0.8722f,-0.0118f,1.1684f,-0.1041f,0.045f,-0.9935f,0.4643f,0f,0f,0f,1f],start_interpolation: 0,interpolation_duration: 1}
$data merge entity $(bone_misc_head_items) {transformation: [-1f,0f,0f,0f,0f,0.628f,0.7782f,1.2521f,0f,0.7782f,-0.628f,0.5572f,0f,0f,0f,1f],start_interpolation: 0,interpolation_duration: 1}
$data merge entity $(bone_head) {transformation: [-1f,0f,0f,0f,0f,0.628f,0.7782f,1.2521f,0f,0.7782f,-0.628f,0.5572f,0f,0f,0f,1f],start_interpolation: 0,interpolation_duration: 1}
$data merge entity $(item_display_tingles_pack) {transformation: [-0.5f,0f,0f,0f,0f,0.3347f,0.1857f,1.2704f,0f,0.3714f,-0.1674f,0.2041f,0f,0f,0f,1f],start_interpolation: 0,interpolation_duration: 1}
$data merge entity $(item_display_tingles_ballon_small) {transformation: [-0.3012f,0f,0f,0f,0f,-0.3012f,0f,1.7071f,0f,0f,0.3012f,0.2283f,0f,0f,0f,1f],start_interpolation: 0,interpolation_duration: 1}
$data merge entity $(item_display_tingles_ballon_big) {transformation: [-0.6023f,0f,0f,0f,0f,-0.4894f,0f,1.9529f,0f,0f,0.6023f,0.2379f,0f,0f,0f,1f],start_interpolation: 0,interpolation_duration: 1}
$data merge entity $(bone_torso) {transformation: [-1f,0f,0f,0f,0f,0.6694f,0.7429f,0.75f,0f,0.7429f,-0.6694f,0f,0f,0f,0f,1f],start_interpolation: 0,interpolation_duration: 1}