# This file was generated by Animated Java via MC-Build. It is not recommended to edit this file directly.
$data merge entity $(bone_lowerrightleg) {transformation: [-1f,0f,0f,-0.125f,0f,0.9981f,0.061f,0.3753f,0f,0.061f,-0.9981f,0.0145f,0f,0f,0f,1f],start_interpolation: 0,interpolation_duration: 1}
$data merge entity $(bone_rightleg) {transformation: [-1f,0f,0f,-0.125f,0f,0.9992f,-0.0388f,0.75f,0f,-0.0388f,-0.9992f,0f,0f,0f,0f,1f],start_interpolation: 0,interpolation_duration: 1}
$data merge entity $(bone_lowerleftleg) {transformation: [-1f,0f,0f,0.125f,0f,0.847f,0.5315f,0.3785f,0f,0.5315f,-0.847f,-0.0511f,0f,0f,0f,1f],start_interpolation: 0,interpolation_duration: 1}
$data merge entity $(bone_leftleg) {transformation: [-1f,0f,0f,0.125f,0f,0.9907f,0.1362f,0.75f,0f,0.1362f,-0.9907f,0f,0f,0f,0f,1f],start_interpolation: 0,interpolation_duration: 1}
$data merge entity $(block_display_tingle_pen) {transformation: [-0.4655f,-0.0759f,0.1786f,-0.0164f,-0.0879f,-0.7643f,-0.3102f,1.1661f,0.16f,-0.6404f,0.3491f,0.7186f,0f,0f,0f,1f],start_interpolation: 0,interpolation_duration: 1}
$data merge entity $(bone_rightarm) {transformation: [-0.9309f,-0.3572f,-0.0759f,-0.375f,-0.1758f,0.6205f,-0.7643f,1.1727f,0.3201f,-0.6981f,-0.6404f,0.4604f,0f,0f,0f,1f],start_interpolation: 0,interpolation_duration: 1}
$data merge entity $(item_display_tingle_book) {transformation: [-0.4786f,-0.0552f,-0.1338f,-0.0184f,-0.1359f,0.0127f,0.481f,0.6659f,-0.0497f,0.4968f,-0.0272f,0.7441f,0f,0f,0f,1f],start_interpolation: 0,interpolation_duration: 1}
$data merge entity $(bone_leftarm) {transformation: [-0.866f,0.4877f,0.1104f,0.375f,0.488f,0.8725f,-0.0254f,1.1727f,-0.1087f,0.0319f,-0.9936f,0.4604f,0f,0f,0f,1f],start_interpolation: 0,interpolation_duration: 1}
$data merge entity $(bone_head) {transformation: [-1f,0f,0f,0f,0f,0.5971f,0.8022f,1.2573f,0f,0.8022f,-0.5971f,0.5524f,0f,0f,0f,1f],start_interpolation: 0,interpolation_duration: 1}
$data merge entity $(item_display_tingles_pack) {transformation: [-0.5f,0f,0f,0f,0f,0.3382f,0.1841f,1.2723f,0f,0.3683f,-0.1691f,0.1992f,0f,0f,0f,1f],start_interpolation: 0,interpolation_duration: 1}
$data merge entity $(item_display_tingles_ballon_small) {transformation: [-0.3159f,0f,0f,0f,0f,-0.3159f,0f,1.7139f,0f,0f,0.3159f,0.2204f,0f,0f,0f,1f],start_interpolation: 0,interpolation_duration: 1}
$data merge entity $(item_display_tingles_ballon_big) {transformation: [-0.6317f,0f,0f,0f,0f,-0.5133f,0f,1.9721f,0f,0f,0.6317f,0.2298f,0f,0f,0f,1f],start_interpolation: 0,interpolation_duration: 1}
$data merge entity $(bone_torso) {transformation: [-1f,0f,0f,0f,0f,0.6764f,0.7366f,0.75f,0f,0.7366f,-0.6764f,0f,0f,0f,0f,1f],start_interpolation: 0,interpolation_duration: 1}