# This file was generated by Animated Java via MC-Build. It is not recommended to edit this file directly.
$data merge entity $(bone_lowerrightleg) {transformation: [-1f,0f,0f,-0.125f,0f,0.9551f,0.2962f,0.3751f,0f,0.2962f,-0.9551f,0.0092f,0f,0f,0f,1f],start_interpolation: 0,interpolation_duration: 1}
$data merge entity $(bone_rightleg) {transformation: [-1f,0f,0f,-0.125f,0f,0.9997f,-0.0245f,0.75f,0f,-0.0245f,-0.9997f,0f,0f,0f,0f,1f],start_interpolation: 0,interpolation_duration: 1}
$data merge entity $(bone_lowerleftleg) {transformation: [-1f,0f,0f,0.125f,0f,0.9984f,0.0561f,0.3788f,0f,0.0561f,-0.9984f,0.0532f,0f,0f,0f,1f],start_interpolation: 0,interpolation_duration: 1}
$data merge entity $(bone_leftleg) {transformation: [-1f,0f,0f,0.125f,0f,0.9899f,-0.1419f,0.75f,0f,-0.1419f,-0.9899f,0f,0f,0f,0f,1f],start_interpolation: 0,interpolation_duration: 1}
$data merge entity $(block_display_tingle_pen) {transformation: [-0.4811f,-0.0765f,0.1308f,-0.0384f,-0.0433f,-0.8244f,-0.2797f,1.2181f,0.1292f,-0.5608f,0.3933f,0.702f,0f,0f,0f,1f],start_interpolation: 0,interpolation_duration: 1}
$data merge entity $(bone_rightarm) {transformation: [-0.9621f,-0.2616f,-0.0765f,-0.375f,-0.0866f,0.5594f,-0.8244f,1.2167f,0.2584f,-0.7866f,-0.5608f,0.4157f,0f,0f,0f,1f],start_interpolation: 0,interpolation_duration: 1}
$data merge entity $(item_display_tingle_book) {transformation: [-0.4774f,-0.0624f,-0.135f,-0.0207f,-0.1414f,0.0494f,0.477f,0.7307f,-0.0462f,0.4936f,-0.0649f,0.7309f,0f,0f,0f,1f],start_interpolation: 0,interpolation_duration: 1}
$data merge entity $(bone_leftarm) {transformation: [-0.866f,0.4842f,0.1249f,0.375f,0.4747f,0.8746f,-0.0989f,1.2167f,-0.1571f,-0.0264f,-0.9872f,0.4157f,0f,0f,0f,1f],start_interpolation: 0,interpolation_duration: 1}
$data merge entity $(bone_misc_head_items) {transformation: [-1f,0f,0f,0f,0f,0.5523f,0.8337f,1.3101f,0f,0.8337f,-0.5523f,0.4988f,0f,0f,0f,1f],start_interpolation: 0,interpolation_duration: 1}
$data merge entity $(bone_head) {transformation: [-1f,0f,0f,0f,0f,0.5523f,0.8337f,1.3101f,0f,0.8337f,-0.5523f,0.4988f,0f,0f,0f,1f],start_interpolation: 0,interpolation_duration: 1}
$data merge entity $(item_display_tingles_pack) {transformation: [-0.5f,0f,0f,0f,0f,0.3734f,0.1663f,1.2896f,0f,0.3326f,-0.1867f,0.1459f,0f,0f,0f,1f],start_interpolation: 0,interpolation_duration: 1}
$data merge entity $(item_display_tingles_ballon_small) {transformation: [-0.0208f,0f,0f,0f,0f,-0.0208f,0f,1.5082f,0f,0f,0.0208f,0.1653f,0f,0f,0f,1f],start_interpolation: 0,interpolation_duration: 1}
$data merge entity $(item_display_tingles_ballon_big) {transformation: [-0.0416f,0f,0f,0f,0f,-0.0338f,0f,1.4887f,0f,0f,0.0416f,0.1559f,0f,0f,0f,1f],start_interpolation: 0,interpolation_duration: 1}
$data merge entity $(bone_torso) {transformation: [-1f,0f,0f,0f,0f,0.7467f,0.6651f,0.75f,0f,0.6651f,-0.7467f,0f,0f,0f,0f,1f],start_interpolation: 0,interpolation_duration: 1}