# This file was generated by Animated Java via MC-Build. It is not recommended to edit this file directly.
$data merge entity $(bone_lowerrightleg) {transformation: [-1f,0f,0f,-0.125f,0f,0.9998f,0.0215f,0.3758f,0f,0.0215f,-0.9998f,0.0247f,0f,0f,0f,1f],start_interpolation: 0,interpolation_duration: 1}
$data merge entity $(bone_rightleg) {transformation: [-1f,0f,0f,-0.125f,0f,0.9978f,-0.0658f,0.75f,0f,-0.0658f,-0.9978f,0f,0f,0f,0f,1f],start_interpolation: 0,interpolation_duration: 1}
$data merge entity $(bone_lowerleftleg) {transformation: [-1f,0f,0f,0.125f,0f,0.8491f,0.5283f,0.3777f,0f,0.5283f,-0.8491f,-0.045f,0f,0f,0f,1f],start_interpolation: 0,interpolation_duration: 1}
$data merge entity $(bone_leftleg) {transformation: [-1f,0f,0f,0.125f,0f,0.9928f,0.12f,0.75f,0f,0.12f,-0.9928f,0f,0f,0f,0f,1f],start_interpolation: 0,interpolation_duration: 1}
$data merge entity $(block_display_tingle_pen) {transformation: [-0.4307f,-0.076f,0.2511f,0.0115f,-0.1324f,-0.7766f,-0.2858f,1.2154f,0.2167f,-0.6253f,0.3244f,0.6631f,0f,0f,0f,1f],start_interpolation: 0,interpolation_duration: 1}
$data merge entity $(bone_rightarm) {transformation: [-0.8614f,-0.5022f,-0.076f,-0.375f,-0.2648f,0.5716f,-0.7766f,1.1822f,0.4335f,-0.6489f,-0.6253f,0.4515f,0f,0f,0f,1f],start_interpolation: 0,interpolation_duration: 1}
$data merge entity $(item_display_tingle_book) {transformation: [-0.4788f,-0.0541f,-0.1336f,-0.018f,-0.1368f,0.025f,0.4803f,0.6827f,-0.0453f,0.4964f,-0.0387f,0.7485f,0f,0f,0f,1f],start_interpolation: 0,interpolation_duration: 1}
$data merge entity $(bone_leftarm) {transformation: [-0.866f,0.4881f,0.1082f,0.375f,0.4857f,0.8727f,-0.05f,1.1822f,-0.1188f,0.0093f,-0.9929f,0.4515f,0f,0f,0f,1f],start_interpolation: 0,interpolation_duration: 1}
$data merge entity $(bone_misc_head_items) {transformation: [-1f,0f,0f,0f,0f,0.5556f,0.8315f,1.2686f,0f,0.8315f,-0.5556f,0.5418f,0f,0f,0f,1f],start_interpolation: 0,interpolation_duration: 1}
$data merge entity $(bone_head) {transformation: [-1f,0f,0f,0f,0f,0.5556f,0.8315f,1.2686f,0f,0.8315f,-0.5556f,0.5418f,0f,0f,0f,1f],start_interpolation: 0,interpolation_duration: 1}
$data merge entity $(item_display_tingles_pack) {transformation: [-0.5f,0f,0f,0f,0f,0.3458f,0.1806f,1.2763f,0f,0.3612f,-0.1729f,0.1883f,0f,0f,0f,1f],start_interpolation: 0,interpolation_duration: 1}
$data merge entity $(item_display_tingles_ballon_small) {transformation: [-0.3457f,0f,0f,0f,0f,-0.3457f,0f,1.7271f,0f,0f,0.3457f,0.203f,0f,0f,0f,1f],start_interpolation: 0,interpolation_duration: 1}
$data merge entity $(item_display_tingles_ballon_big) {transformation: [-0.6914f,0f,0f,0f,0f,-0.5618f,0f,2.0108f,0f,0f,0.6914f,0.2112f,0f,0f,0f,1f],start_interpolation: 0,interpolation_duration: 1}
$data merge entity $(bone_torso) {transformation: [-1f,0f,0f,0f,0f,0.6915f,0.7224f,0.75f,0f,0.7224f,-0.6915f,0f,0f,0f,0f,1f],start_interpolation: 0,interpolation_duration: 1}