# This file was generated by Animated Java via MC-Build. It is not recommended to edit this file directly.
$data merge entity $(bone_lowerrightleg) {transformation: [-1f,0f,0f,-0.125f,0f,0.9998f,0.0177f,0.3763f,0f,0.0177f,-0.9998f,0.0307f,0f,0f,0f,1f],start_interpolation: 0,interpolation_duration: 1}
$data merge entity $(bone_rightleg) {transformation: [-1f,0f,0f,-0.125f,0f,0.9966f,-0.082f,0.75f,0f,-0.082f,-0.9966f,0f,0f,0f,0f,1f],start_interpolation: 0,interpolation_duration: 1}
$data merge entity $(bone_lowerleftleg) {transformation: [-1f,0f,0f,0.125f,0f,0.8692f,0.4944f,0.3766f,0f,0.4944f,-0.8692f,-0.035f,0f,0f,0f,1f],start_interpolation: 0,interpolation_duration: 1}
$data merge entity $(bone_leftleg) {transformation: [-1f,0f,0f,0.125f,0f,0.9956f,0.0932f,0.75f,0f,0.0932f,-0.9956f,0f,0f,0f,0f,1f],start_interpolation: 0,interpolation_duration: 1}
$data merge entity $(block_display_tingle_pen) {transformation: [-0.4365f,-0.0758f,0.2409f,0.008f,-0.1202f,-0.7926f,-0.2801f,1.2259f,0.2122f,-0.605f,0.3369f,0.6595f,0f,0f,0f,1f],start_interpolation: 0,interpolation_duration: 1}
$data merge entity $(bone_rightarm) {transformation: [-0.8729f,-0.4819f,-0.0758f,-0.375f,-0.2404f,0.5603f,-0.7926f,1.1923f,0.4244f,-0.6737f,-0.605f,0.4416f,0f,0f,0f,1f],start_interpolation: 0,interpolation_duration: 1}
$data merge entity $(item_display_tingle_book) {transformation: [-0.4786f,-0.0552f,-0.1338f,-0.0184f,-0.1379f,0.0342f,0.4794f,0.6982f,-0.0438f,0.4958f,-0.0479f,0.747f,0f,0f,0f,1f],start_interpolation: 0,interpolation_duration: 1}
$data merge entity $(bone_leftarm) {transformation: [-0.866f,0.4877f,0.1104f,0.375f,0.4829f,0.873f,-0.0684f,1.1923f,-0.1297f,-0.0059f,-0.9915f,0.4416f,0f,0f,0f,1f],start_interpolation: 0,interpolation_duration: 1}
$data merge entity $(bone_head) {transformation: [-1f,0f,0f,0f,0f,0.5411f,0.8409f,1.2807f,0f,0.8409f,-0.5411f,0.53f,0f,0f,0f,1f],start_interpolation: 0,interpolation_duration: 1}
$data merge entity $(item_display_tingles_pack) {transformation: [-0.5f,0f,0f,0f,0f,0.3538f,0.1767f,1.2805f,0f,0.3533f,-0.1769f,0.1764f,0f,0f,0f,1f],start_interpolation: 0,interpolation_duration: 1}
$data merge entity $(item_display_tingles_ballon_small) {transformation: [-0.376f,0f,0f,0f,0f,-0.376f,0f,1.74f,0f,0f,0.376f,0.1843f,0f,0f,0f,1f],start_interpolation: 0,interpolation_duration: 1}
$data merge entity $(item_display_tingles_ballon_big) {transformation: [-0.752f,0f,0f,0f,0f,-0.611f,0f,2.0494f,0f,0f,0.752f,0.1905f,0f,0f,0f,1f],start_interpolation: 0,interpolation_duration: 1}
$data merge entity $(bone_torso) {transformation: [-1f,0f,0f,0f,0f,0.7076f,0.7066f,0.75f,0f,0.7066f,-0.7076f,0f,0f,0f,0f,1f],start_interpolation: 0,interpolation_duration: 1}