# This file was generated by Animated Java via MC-Build. It is not recommended to edit this file directly.
$data merge entity $(bone_lowerrightleg) {transformation: [-1f,0f,0f,-0.125f,0f,0.9981f,0.0621f,0.3765f,0f,0.0621f,-0.9981f,0.0339f,0f,0f,0f,1f],start_interpolation: 0,interpolation_duration: 1}
$data merge entity $(bone_rightleg) {transformation: [-1f,0f,0f,-0.125f,0f,0.9959f,-0.0904f,0.75f,0f,-0.0904f,-0.9959f,0f,0f,0f,0f,1f],start_interpolation: 0,interpolation_duration: 1}
$data merge entity $(bone_lowerleftleg) {transformation: [-1f,0f,0f,0.125f,0f,0.9181f,0.3963f,0.3753f,0f,0.3963f,-0.9181f,-0.0137f,0f,0f,0f,1f],start_interpolation: 0,interpolation_duration: 1}
$data merge entity $(bone_leftleg) {transformation: [-1f,0f,0f,0.125f,0f,0.9993f,0.0366f,0.75f,0f,0.0366f,-0.9993f,0f,0f,0f,0f,1f],start_interpolation: 0,interpolation_duration: 1}
$data merge entity $(block_display_tingle_pen) {transformation: [-0.4776f,-0.0758f,0.143f,-0.0326f,-0.052f,-0.8186f,-0.2824f,1.2103f,0.1385f,-0.5693f,0.387f,0.7054f,0f,0f,0f,1f],start_interpolation: 0,interpolation_duration: 1}
$data merge entity $(bone_rightarm) {transformation: [-0.9552f,-0.286f,-0.0758f,-0.375f,-0.1041f,0.5648f,-0.8186f,1.2073f,0.2769f,-0.7741f,-0.5693f,0.426f,0f,0f,0f,1f],start_interpolation: 0,interpolation_duration: 1}
$data merge entity $(item_display_tingle_book) {transformation: [-0.4779f,-0.0594f,-0.1345f,-0.0198f,-0.14f,0.0438f,0.478f,0.7184f,-0.045f,0.4945f,-0.0585f,0.7379f,0f,0f,0f,1f],start_interpolation: 0,interpolation_duration: 1}
$data merge entity $(bone_leftarm) {transformation: [-0.866f,0.4857f,0.1188f,0.375f,0.4781f,0.8739f,-0.0877f,1.2073f,-0.1464f,-0.0191f,-0.989f,0.426f,0f,0f,0f,1f],start_interpolation: 0,interpolation_duration: 1}
$data merge entity $(bone_head) {transformation: [-1f,0f,0f,0f,0f,0.5419f,0.8404f,1.2988f,0f,0.8404f,-0.5419f,0.5112f,0f,0f,0f,1f],start_interpolation: 0,interpolation_duration: 1}
$data merge entity $(item_display_tingles_pack) {transformation: [-0.5f,0f,0f,0f,0f,0.3659f,0.1704f,1.2863f,0f,0.3408f,-0.1829f,0.1579f,0f,0f,0f,1f],start_interpolation: 0,interpolation_duration: 1}
$data merge entity $(item_display_tingles_ballon_small) {transformation: [-0.4221f,0f,0f,0f,0f,-0.4221f,0f,1.7591f,0f,0f,0.4221f,0.1564f,0f,0f,0f,1f],start_interpolation: 0,interpolation_duration: 1}
$data merge entity $(item_display_tingles_ballon_big) {transformation: [-0.8442f,0f,0f,0f,0f,-0.6859f,0f,2.1072f,0f,0f,0.8442f,0.1586f,0f,0f,0f,1f],start_interpolation: 0,interpolation_duration: 1}
$data merge entity $(bone_torso) {transformation: [-1f,0f,0f,0f,0f,0.7317f,0.6816f,0.75f,0f,0.6816f,-0.7317f,0f,0f,0f,0f,1f],start_interpolation: 0,interpolation_duration: 1}