# This file was generated by Animated Java via MC-Build. It is not recommended to edit this file directly.
$data merge entity $(bone_lowerrightleg) {transformation: [-1f,0f,0f,-0.125f,0f,0.988f,0.1543f,0.3764f,0f,0.1543f,-0.988f,0.0329f,0f,0f,0f,1f],start_interpolation: 0,interpolation_duration: 1}
$data merge entity $(bone_rightleg) {transformation: [-1f,0f,0f,-0.125f,0f,0.9961f,-0.0878f,0.75f,0f,-0.0878f,-0.9961f,0f,0f,0f,0f,1f],start_interpolation: 0,interpolation_duration: 1}
$data merge entity $(bone_lowerleftleg) {transformation: [-1f,0f,0f,0.125f,0f,0.9758f,0.2185f,0.3757f,0f,0.2185f,-0.9758f,0.0227f,0f,0f,0f,1f],start_interpolation: 0,interpolation_duration: 1}
$data merge entity $(bone_leftleg) {transformation: [-1f,0f,0f,0.125f,0f,0.9982f,-0.0605f,0.75f,0f,-0.0605f,-0.9982f,0f,0f,0f,0f,1f],start_interpolation: 0,interpolation_duration: 1}
$data merge entity $(block_display_tingle_pen) {transformation: [-0.4984f,-0.0766f,-0.012f,-0.119f,0.0387f,-0.8389f,-0.2694f,1.1946f,0.0105f,-0.5389f,0.421f,0.765f,0f,0f,0f,1f],start_interpolation: 0,interpolation_duration: 1}
$data merge entity $(bone_rightarm) {transformation: [-0.9968f,0.0241f,-0.0766f,-0.375f,0.0774f,0.5388f,-0.8389f,1.2251f,0.0211f,-0.8421f,-0.5389f,0.4061f,0f,0f,0f,1f],start_interpolation: 0,interpolation_duration: 1}
$data merge entity $(item_display_tingle_book) {transformation: [-0.477f,-0.0644f,-0.1354f,-0.0213f,-0.1426f,0.0559f,0.476f,0.7427f,-0.0462f,0.4927f,-0.0717f,0.7262f,0f,0f,0f,1f],start_interpolation: 0,interpolation_duration: 1}
$data merge entity $(bone_leftarm) {transformation: [-0.866f,0.4831f,0.1288f,0.375f,0.4714f,0.8748f,-0.1118f,1.2251f,-0.1667f,-0.0361f,-0.9853f,0.4061f,0f,0f,0f,1f],start_interpolation: 0,interpolation_duration: 1}
$data merge entity $(bone_head) {transformation: [-1f,0f,0f,0f,0f,0.5663f,0.8242f,1.3201f,0f,0.8242f,-0.5663f,0.4873f,0f,0f,0f,1f],start_interpolation: 0,interpolation_duration: 1}
$data merge entity $(item_display_tingles_pack) {transformation: [-0.5f,0f,0f,0f,0f,0.3801f,0.1624f,1.2925f,0f,0.3249f,-0.19f,0.1348f,0f,0f,0f,1f],start_interpolation: 0,interpolation_duration: 1}
$data merge entity $(item_display_tingles_ballon_small) {transformation: [-0.4844f,0f,0f,0f,0f,-0.4844f,0f,1.7851f,0f,0f,0.4844f,0.1253f,0f,0f,0f,1f],start_interpolation: 0,interpolation_duration: 1}
$data merge entity $(item_display_tingles_ballon_big) {transformation: [-0.9688f,0f,0f,0f,0f,-0.7871f,0f,2.1832f,0f,0f,0.9688f,0.1231f,0f,0f,0f,1f],start_interpolation: 0,interpolation_duration: 1}
$data merge entity $(bone_torso) {transformation: [-1f,0f,0f,0f,0f,0.7601f,0.6498f,0.75f,0f,0.6498f,-0.7601f,0f,0f,0f,0f,1f],start_interpolation: 0,interpolation_duration: 1}