# This file was generated by Animated Java via MC-Build. It is not recommended to edit this file directly.
$data merge entity $(bone_lowerrightleg) {transformation: [-1f,0f,0f,-0.125f,0f,0.9847f,0.1744f,0.3764f,0f,0.1744f,-0.9847f,0.0324f,0f,0f,0f,1f],start_interpolation: 0,interpolation_duration: 1}
$data merge entity $(bone_rightleg) {transformation: [-1f,0f,0f,-0.125f,0f,0.9963f,-0.0864f,0.75f,0f,-0.0864f,-0.9963f,0f,0f,0f,0f,1f],start_interpolation: 0,interpolation_duration: 1}
$data merge entity $(bone_lowerleftleg) {transformation: [-1f,0f,0f,0.125f,0f,0.9898f,0.1426f,0.3776f,0f,0.1426f,-0.9898f,0.0444f,0f,0f,0f,1f],start_interpolation: 0,interpolation_duration: 1}
$data merge entity $(bone_leftleg) {transformation: [-1f,0f,0f,0.125f,0f,0.993f,-0.1184f,0.75f,0f,-0.1184f,-0.993f,0f,0f,0f,0f,1f],start_interpolation: 0,interpolation_duration: 1}
$data merge entity $(block_display_tingle_pen) {transformation: [-0.4963f,-0.075f,-0.0474f,-0.1424f,0.057f,-0.8419f,-0.2637f,1.197f,-0.0202f,-0.5344f,0.4221f,0.7715f,0f,0f,0f,1f],start_interpolation: 0,interpolation_duration: 1}
$data merge entity $(bone_rightarm) {transformation: [-0.9927f,0.0948f,-0.075f,-0.375f,0.114f,0.5274f,-0.8419f,1.2324f,-0.0403f,-0.8443f,-0.5344f,0.3973f,0f,0f,0f,1f],start_interpolation: 0,interpolation_duration: 1}
$data merge entity $(item_display_tingle_book) {transformation: [-0.477f,-0.0644f,-0.1354f,-0.0213f,-0.1435f,0.0649f,0.4746f,0.756f,-0.0436f,0.4916f,-0.0804f,0.7262f,0f,0f,0f,1f],start_interpolation: 0,interpolation_duration: 1}
$data merge entity $(bone_leftarm) {transformation: [-0.866f,0.4831f,0.1288f,0.375f,0.4683f,0.874f,-0.1298f,1.2324f,-0.1753f,-0.0521f,-0.9831f,0.3973f,0f,0f,0f,1f],start_interpolation: 0,interpolation_duration: 1}
$data merge entity $(bone_misc_head_items) {transformation: [-1f,0f,0f,0f,0f,0.583f,0.8125f,1.3289f,0f,0.8125f,-0.583f,0.4768f,0f,0f,0f,1f],start_interpolation: 0,interpolation_duration: 1}
$data merge entity $(bone_head) {transformation: [-1f,0f,0f,0f,0f,0.583f,0.8125f,1.3289f,0f,0.8125f,-0.583f,0.4768f,0f,0f,0f,1f],start_interpolation: 0,interpolation_duration: 1}
$data merge entity $(item_display_tingles_pack) {transformation: [-0.5f,0f,0f,0f,0f,0.3859f,0.1589f,1.2949f,0f,0.3179f,-0.193f,0.1249f,0f,0f,0f,1f],start_interpolation: 0,interpolation_duration: 1}
$data merge entity $(item_display_tingles_ballon_small) {transformation: [-0.5156f,0f,0f,0f,0f,-0.5156f,0f,1.7989f,0f,0f,0.5156f,0.1144f,0f,0f,0f,1f],start_interpolation: 0,interpolation_duration: 1}
$data merge entity $(item_display_tingles_ballon_big) {transformation: [-1.0312f,0f,0f,0f,0f,-0.8379f,0f,2.221f,0f,0f,1.0312f,0.1118f,0f,0f,0f,1f],start_interpolation: 0,interpolation_duration: 1}
$data merge entity $(bone_torso) {transformation: [-1f,0f,0f,0f,0f,0.7719f,0.6358f,0.75f,0f,0.6358f,-0.7719f,0f,0f,0f,0f,1f],start_interpolation: 0,interpolation_duration: 1}