# This file was generated by Animated Java via MC-Build. It is not recommended to edit this file directly.
$data merge entity $(bone_lowerrightleg) {transformation: [-1f,0f,0f,-0.125f,0f,0.9839f,0.1787f,0.3763f,0f,0.1787f,-0.9839f,0.0308f,0f,0f,0f,1f],start_interpolation: 0,interpolation_duration: 1}
$data merge entity $(bone_rightleg) {transformation: [-1f,0f,0f,-0.125f,0f,0.9966f,-0.0821f,0.75f,0f,-0.0821f,-0.9966f,0f,0f,0f,0f,1f],start_interpolation: 0,interpolation_duration: 1}
$data merge entity $(bone_lowerleftleg) {transformation: [-1f,0f,0f,0.125f,0f,0.9999f,0.0137f,0.3865f,0f,0.0137f,-0.9999f,0.0921f,0f,0f,0f,1f],start_interpolation: 0,interpolation_duration: 1}
$data merge entity $(bone_leftleg) {transformation: [-1f,0f,0f,0.125f,0f,0.9694f,-0.2456f,0.75f,0f,-0.2456f,-0.9694f,0f,0f,0f,0f,1f],start_interpolation: 0,interpolation_duration: 1}
$data merge entity $(block_display_tingle_pen) {transformation: [-0.4953f,-0.071f,-0.0581f,-0.1504f,0.061f,-0.8419f,-0.2628f,1.2078f,-0.0303f,-0.5349f,0.4214f,0.7608f,0f,0f,0f,1f],start_interpolation: 0,interpolation_duration: 1}
$data merge entity $(bone_rightarm) {transformation: [-0.9907f,0.1163f,-0.071f,-0.375f,0.122f,0.5256f,-0.8419f,1.2446f,-0.0606f,-0.8427f,-0.5349f,0.382f,0f,0f,0f,1f],start_interpolation: 0,interpolation_duration: 1}
$data merge entity $(item_display_tingle_book) {transformation: [-0.4776f,-0.061f,-0.1348f,-0.0203f,-0.1439f,0.0864f,0.471f,0.7841f,-0.0342f,0.4887f,-0.1001f,0.7339f,0f,0f,0f,1f],start_interpolation: 0,interpolation_duration: 1}
$data merge entity $(bone_leftarm) {transformation: [-0.866f,0.4849f,0.122f,0.375f,0.4625f,0.8696f,-0.1729f,1.2446f,-0.1899f,-0.0933f,-0.9774f,0.382f,0f,0f,0f,1f],start_interpolation: 0,interpolation_duration: 1}
$data merge entity $(bone_misc_head_items) {transformation: [-1f,0f,0f,0f,0f,0.6304f,0.7763f,1.3436f,0f,0.7763f,-0.6304f,0.4584f,0f,0f,0f,1f],start_interpolation: 0,interpolation_duration: 1}
$data merge entity $(bone_head) {transformation: [-1f,0f,0f,0f,0f,0.6304f,0.7763f,1.3436f,0f,0.7763f,-0.6304f,0.4584f,0f,0f,0f,1f],start_interpolation: 0,interpolation_duration: 1}
$data merge entity $(item_display_tingles_pack) {transformation: [-0.5f,0f,0f,0f,0f,0.3957f,0.1528f,1.2985f,0f,0.3056f,-0.1979f,0.1078f,0f,0f,0f,1f],start_interpolation: 0,interpolation_duration: 1}
$data merge entity $(item_display_tingles_ballon_small) {transformation: [-0.5624f,0f,0f,0f,0f,-0.5624f,0f,1.8202f,0f,0f,0.5624f,0.099f,0f,0f,0f,1f],start_interpolation: 0,interpolation_duration: 1}
$data merge entity $(item_display_tingles_ballon_big) {transformation: [-1.1248f,0f,0f,0f,0f,-0.9139f,0f,2.2787f,0f,0f,1.1248f,0.0983f,0f,0f,0f,1f],start_interpolation: 0,interpolation_duration: 1}
$data merge entity $(bone_torso) {transformation: [-1f,0f,0f,0f,0f,0.7914f,0.6113f,0.75f,0f,0.6113f,-0.7914f,0f,0f,0f,0f,1f],start_interpolation: 0,interpolation_duration: 1}