# This file was generated by Animated Java via MC-Build. It is not recommended to edit this file directly.
$data merge entity $(bone_lowerrightleg) {transformation: [-1f,0f,0f,-0.125f,0f,0.9842f,0.177f,0.3763f,0f,0.177f,-0.9842f,0.0314f,0f,0f,0f,1f],start_interpolation: 0,interpolation_duration: 1}
$data merge entity $(bone_rightleg) {transformation: [-1f,0f,0f,-0.125f,0f,0.9965f,-0.0838f,0.75f,0f,-0.0838f,-0.9965f,0f,0f,0f,0f,1f],start_interpolation: 0,interpolation_duration: 1}
$data merge entity $(bone_lowerleftleg) {transformation: [-1f,0f,0f,0.125f,0f,0.9926f,-0.1212f,0.4022f,0f,-0.1212f,-0.9926f,0.1402f,0f,0f,0f,1f],start_interpolation: 0,interpolation_duration: 1}
$data merge entity $(bone_leftleg) {transformation: [-1f,0f,0f,0.125f,0f,0.9275f,-0.3739f,0.75f,0f,-0.3739f,-0.9275f,0f,0f,0f,0f,1f],start_interpolation: 0,interpolation_duration: 1}
$data merge entity $(block_display_tingle_pen) {transformation: [-0.4966f,-0.0691f,-0.047f,-0.1431f,0.0543f,-0.8428f,-0.2636f,1.2237f,-0.0214f,-0.5337f,0.4223f,0.7395f,0f,0f,0f,1f],start_interpolation: 0,interpolation_duration: 1}
$data merge entity $(bone_rightarm) {transformation: [-0.9932f,0.0941f,-0.0691f,-0.375f,0.1086f,0.5271f,-0.8428f,1.2575f,-0.0429f,-0.8446f,-0.5337f,0.3647f,0f,0f,0f,1f],start_interpolation: 0,interpolation_duration: 1}
$data merge entity $(item_display_tingle_book) {transformation: [-0.4784f,-0.0564f,-0.134f,-0.0188f,-0.1436f,0.1114f,0.4658f,0.817f,-0.0227f,0.4842f,-0.1228f,0.7429f,0f,0f,0f,1f],start_interpolation: 0,interpolation_duration: 1}
$data merge entity $(bone_leftarm) {transformation: [-0.866f,0.4871f,0.1128f,0.375f,0.4557f,0.8618f,-0.2227f,1.2575f,-0.2057f,-0.1415f,-0.9683f,0.3647f,0f,0f,0f,1f],start_interpolation: 0,interpolation_duration: 1}
$data merge entity $(bone_head) {transformation: [-1f,0f,0f,0f,0f,0.6848f,0.7288f,1.359f,0f,0.7288f,-0.6848f,0.4377f,0f,0f,0f,1f],start_interpolation: 0,interpolation_duration: 1}
$data merge entity $(item_display_tingles_pack) {transformation: [-0.5f,0f,0f,0f,0f,0.406f,0.1459f,1.3019f,0f,0.2918f,-0.203f,0.0888f,0f,0f,0f,1f],start_interpolation: 0,interpolation_duration: 1}
$data merge entity $(item_display_tingles_ballon_small) {transformation: [-0.6087f,0f,0f,0f,0f,-0.6087f,0f,1.8424f,0f,0f,0.6087f,0.0841f,0f,0f,0f,1f],start_interpolation: 0,interpolation_duration: 1}
$data merge entity $(item_display_tingles_ballon_big) {transformation: [-1.2174f,0f,0f,0f,0f,-0.9891f,0f,2.3384f,0f,0f,1.2174f,0.0863f,0f,0f,0f,1f],start_interpolation: 0,interpolation_duration: 1}
$data merge entity $(bone_torso) {transformation: [-1f,0f,0f,0f,0f,0.812f,0.5836f,0.75f,0f,0.5836f,-0.812f,0f,0f,0f,0f,1f],start_interpolation: 0,interpolation_duration: 1}