# This file was generated by Animated Java via MC-Build. It is not recommended to edit this file directly.
$data merge entity $(bone_lowerrightleg) {transformation: [-1f,0f,0f,-0.125f,0f,0.9936f,0.1134f,0.3791f,0f,0.1134f,-0.9936f,0.0554f,0f,0f,0f,1f],start_interpolation: 0,interpolation_duration: 1}
$data merge entity $(bone_rightleg) {transformation: [-1f,0f,0f,-0.125f,0f,0.989f,-0.1476f,0.75f,0f,-0.1476f,-0.989f,0f,0f,0f,0f,1f],start_interpolation: 0,interpolation_duration: 1}
$data merge entity $(bone_lowerleftleg) {transformation: [-1f,0f,0f,0.125f,0f,0.9828f,-0.1847f,0.4119f,0f,-0.1847f,-0.9828f,0.1623f,0f,0f,0f,1f],start_interpolation: 0,interpolation_duration: 1}
$data merge entity $(bone_leftleg) {transformation: [-1f,0f,0f,0.125f,0f,0.9015f,-0.4327f,0.75f,0f,-0.4327f,-0.9015f,0f,0f,0f,0f,1f],start_interpolation: 0,interpolation_duration: 1}
$data merge entity $(block_display_tingle_pen) {transformation: [-0.4973f,-0.0705f,-0.0376f,-0.1366f,0.049f,-0.8743f,-0.2377f,1.2708f,-0.0161f,-0.4802f,0.4383f,0.7034f,0f,0f,0f,1f],start_interpolation: 0,interpolation_duration: 1}
$data merge entity $(bone_rightarm) {transformation: [-0.9947f,0.0751f,-0.0705f,-0.375f,0.0979f,0.4754f,-0.8743f,1.2799f,-0.0321f,-0.8766f,-0.4802f,0.3314f,0f,0f,0f,1f],start_interpolation: 0,interpolation_duration: 1}
$data merge entity $(item_display_tingle_book) {transformation: [-0.4784f,-0.0564f,-0.134f,-0.0188f,-0.1447f,0.1422f,0.457f,0.8646f,-0.0134f,0.476f,-0.1524f,0.7371f,0f,0f,0f,1f],start_interpolation: 0,interpolation_duration: 1}
$data merge entity $(bone_leftarm) {transformation: [-0.866f,0.4871f,0.1128f,0.375f,0.4416f,0.8509f,-0.2845f,1.2799f,-0.2346f,-0.1966f,-0.952f,0.3314f,0f,0f,0f,1f],start_interpolation: 0,interpolation_duration: 1}
$data merge entity $(bone_head) {transformation: [-1f,0f,0f,0f,0f,0.7301f,0.6833f,1.3859f,0f,0.6833f,-0.7301f,0.3977f,0f,0f,0f,1f],start_interpolation: 0,interpolation_duration: 1}
$data merge entity $(item_display_tingles_pack) {transformation: [-0.5f,0f,0f,0f,0f,0.4239f,0.1326f,1.3065f,0f,0.2651f,-0.212f,0.0532f,0f,0f,0f,1f],start_interpolation: 0,interpolation_duration: 1}
$data merge entity $(item_display_tingles_ballon_small) {transformation: [-0.6988f,0f,0f,0f,0f,-0.6988f,0f,1.8905f,0f,0f,0.6988f,0.0581f,0f,0f,0f,1f],start_interpolation: 0,interpolation_duration: 1}
$data merge entity $(item_display_tingles_ballon_big) {transformation: [-1.3977f,0f,0f,0f,0f,-1.1356f,0f,2.4619f,0f,0f,1.3977f,0.0629f,0f,0f,0f,1f],start_interpolation: 0,interpolation_duration: 1}
$data merge entity $(bone_torso) {transformation: [-1f,0f,0f,0f,0f,0.8479f,0.5302f,0.75f,0f,0.5302f,-0.8479f,0f,0f,0f,0f,1f],start_interpolation: 0,interpolation_duration: 1}