# This file was generated by Animated Java via MC-Build. It is not recommended to edit this file directly.
$data merge entity $(bone_lowerrightleg) {transformation: [-1f,0f,0f,-0.125f,0f,0.9971f,0.0766f,0.3814f,0f,0.0766f,-0.9971f,0.069f,0f,0f,0f,1f],start_interpolation: 0,interpolation_duration: 1}
$data merge entity $(bone_rightleg) {transformation: [-1f,0f,0f,-0.125f,0f,0.9829f,-0.184f,0.75f,0f,-0.184f,-0.9829f,0f,0f,0f,0f,1f],start_interpolation: 0,interpolation_duration: 1}
$data merge entity $(bone_lowerleftleg) {transformation: [-1f,0f,0f,0.125f,0f,0.9906f,-0.1369f,0.4045f,0f,-0.1369f,-0.9906f,0.1457f,0f,0f,0f,1f],start_interpolation: 0,interpolation_duration: 1}
$data merge entity $(bone_leftleg) {transformation: [-1f,0f,0f,0.125f,0f,0.9214f,-0.3887f,0.75f,0f,-0.3887f,-0.9214f,0f,0f,0f,0f,1f],start_interpolation: 0,interpolation_duration: 1}
$data merge entity $(block_display_tingle_pen) {transformation: [-0.4973f,-0.072f,-0.0369f,-0.1359f,0.0487f,-0.8907f,-0.222f,1.2891f,-0.0169f,-0.4488f,0.4465f,0.6944f,0f,0f,0f,1f],start_interpolation: 0,interpolation_duration: 1}
$data merge entity $(bone_rightarm) {transformation: [-0.9947f,0.0737f,-0.072f,-0.375f,0.0974f,0.444f,-0.8907f,1.2852f,-0.0337f,-0.893f,-0.4488f,0.3228f,0f,0f,0f,1f],start_interpolation: 0,interpolation_duration: 1}
$data merge entity $(item_display_tingle_book) {transformation: [-0.4779f,-0.0594f,-0.1345f,-0.0198f,-0.1462f,0.1447f,0.4557f,0.8709f,-0.0153f,0.4749f,-0.1556f,0.7286f,0f,0f,0f,1f],start_interpolation: 0,interpolation_duration: 1}
$data merge entity $(bone_leftarm) {transformation: [-0.866f,0.4857f,0.1188f,0.375f,0.4377f,0.8513f,-0.2893f,1.2852f,-0.2417f,-0.1985f,-0.9498f,0.3228f,0f,0f,0f,1f],start_interpolation: 0,interpolation_duration: 1}
$data merge entity $(bone_head) {transformation: [-1f,0f,0f,0f,0f,0.7242f,0.6895f,1.3922f,0f,0.6895f,-0.7242f,0.3873f,0f,0f,0f,1f],start_interpolation: 0,interpolation_duration: 1}
$data merge entity $(item_display_tingles_pack) {transformation: [-0.5f,0f,0f,0f,0f,0.4282f,0.1291f,1.3073f,0f,0.2582f,-0.2141f,0.0441f,0f,0f,0f,1f],start_interpolation: 0,interpolation_duration: 1}
$data merge entity $(item_display_tingles_ballon_small) {transformation: [-0.7278f,0f,0f,0f,0f,-0.7278f,0f,1.9075f,0f,0f,0.7278f,0.0516f,0f,0f,0f,1f],start_interpolation: 0,interpolation_duration: 1}
$data merge entity $(item_display_tingles_ballon_big) {transformation: [-1.4556f,0f,0f,0f,0f,-1.1826f,0f,2.5032f,0f,0f,1.4556f,0.0554f,0f,0f,0f,1f],start_interpolation: 0,interpolation_duration: 1}
$data merge entity $(bone_torso) {transformation: [-1f,0f,0f,0f,0f,0.8563f,0.5164f,0.75f,0f,0.5164f,-0.8563f,0f,0f,0f,0f,1f],start_interpolation: 0,interpolation_duration: 1}