# This file was generated by Animated Java via MC-Build. It is not recommended to edit this file directly.
$data merge entity $(bone_lowerrightleg) {transformation: [-1f,0f,0f,-0.125f,0f,0.9998f,-0.0173f,0.3895f,0f,-0.0173f,-0.9998f,0.1033f,0f,0f,0f,1f],start_interpolation: 0,interpolation_duration: 1}
$data merge entity $(bone_rightleg) {transformation: [-1f,0f,0f,-0.125f,0f,0.9613f,-0.2755f,0.75f,0f,-0.2755f,-0.9613f,0f,0f,0f,0f,1f],start_interpolation: 0,interpolation_duration: 1}
$data merge entity $(bone_lowerleftleg) {transformation: [-1f,0f,0f,0.125f,0f,0.9993f,0.0369f,0.3844f,0f,0.0369f,-0.9993f,0.0836f,0f,0f,0f,1f],start_interpolation: 0,interpolation_duration: 1}
$data merge entity $(bone_leftleg) {transformation: [-1f,0f,0f,0.125f,0f,0.9748f,-0.223f,0.75f,0f,-0.223f,-0.9748f,0f,0f,0f,0f,1f],start_interpolation: 0,interpolation_duration: 1}
$data merge entity $(block_display_tingle_pen) {transformation: [-0.4973f,-0.0773f,-0.0341f,-0.1331f,0.0484f,-0.9273f,-0.1808f,1.3269f,-0.0176f,-0.3662f,0.4649f,0.6824f,0f,0f,0f,1f],start_interpolation: 0,interpolation_duration: 1}
$data merge entity $(bone_rightarm) {transformation: [-0.9947f,0.0682f,-0.0773f,-0.375f,0.0968f,0.3616f,-0.9273f,1.2902f,-0.0353f,-0.9299f,-0.3662f,0.3143f,0f,0f,0f,1f],start_interpolation: 0,interpolation_duration: 1}
$data merge entity $(item_display_tingle_book) {transformation: [-0.4771f,-0.0636f,-0.1352f,-0.0211f,-0.1483f,0.1448f,0.455f,0.8746f,-0.0187f,0.4743f,-0.157f,0.7175f,0f,0f,0f,1f],start_interpolation: 0,interpolation_duration: 1}
$data merge entity $(bone_leftarm) {transformation: [-0.866f,0.4835f,0.1272f,0.375f,0.4338f,0.8532f,-0.2896f,1.2902f,-0.2486f,-0.1956f,-0.9487f,0.3143f,0f,0f,0f,1f],start_interpolation: 0,interpolation_duration: 1}
$data merge entity $(bone_misc_head_items) {transformation: [-1f,0f,0f,0f,0f,0.7112f,0.703f,1.3983f,0f,0.703f,-0.7112f,0.3772f,0f,0f,0f,1f],start_interpolation: 0,interpolation_duration: 1}
$data merge entity $(bone_head) {transformation: [-1f,0f,0f,0f,0f,0.7112f,0.703f,1.3983f,0f,0.703f,-0.7112f,0.3772f,0f,0f,0f,1f],start_interpolation: 0,interpolation_duration: 1}
$data merge entity $(item_display_tingles_pack) {transformation: [-0.5f,0f,0f,0f,0f,0.4322f,0.1257f,1.3079f,0f,0.2514f,-0.2161f,0.0353f,0f,0f,0f,1f],start_interpolation: 0,interpolation_duration: 1}
$data merge entity $(item_display_tingles_ballon_small) {transformation: [-0.823f,0f,0f,0f,0f,-0.823f,0f,1.9725f,0f,0f,0.823f,0.0462f,0f,0f,0f,1f],start_interpolation: 0,interpolation_duration: 1}
$data merge entity $(item_display_tingles_ballon_big) {transformation: [-1.6459f,0f,0f,0f,0f,-1.3373f,0f,2.6467f,0f,0f,1.6459f,0.0387f,0f,0f,0f,1f],start_interpolation: 0,interpolation_duration: 1}
$data merge entity $(bone_torso) {transformation: [-1f,0f,0f,0f,0f,0.8644f,0.5029f,0.75f,0f,0.5029f,-0.8644f,0f,0f,0f,0f,1f],start_interpolation: 0,interpolation_duration: 1}