# This file was generated by Animated Java via MC-Build. It is not recommended to edit this file directly.
$data merge entity $(bone_lowerrightleg) {transformation: [-1f,0f,0f,-0.125f,0f,0.889f,0.4579f,0.3758f,0f,0.4579f,-0.889f,-0.0248f,0f,0f,0f,1f],start_interpolation: 0,interpolation_duration: 1}
$data merge entity $(bone_rightleg) {transformation: [-1f,0f,0f,-0.125f,0f,0.9978f,0.066f,0.75f,0f,0.066f,-0.9978f,0f,0f,0f,0f,1f],start_interpolation: 0,interpolation_duration: 1}
$data merge entity $(bone_lowerleftleg) {transformation: [-1f,0f,0f,0.125f,0f,0.9929f,-0.119f,0.3852f,0f,-0.119f,-0.9929f,0.0867f,0f,0f,0f,1f],start_interpolation: 0,interpolation_duration: 1}
$data merge entity $(bone_leftleg) {transformation: [-1f,0f,0f,0.125f,0f,0.9729f,-0.2312f,0.75f,0f,-0.2312f,-0.9729f,0f,0f,0f,0f,1f],start_interpolation: 0,interpolation_duration: 1}
$data merge entity $(block_display_tingle_pen) {transformation: [-0.4274f,-0.0759f,0.2567f,0.0134f,-0.1282f,-0.7982f,-0.2725f,1.2408f,0.2256f,-0.5976f,0.3314f,0.6429f,0f,0f,0f,1f],start_interpolation: 0,interpolation_duration: 1}
$data merge entity $(bone_rightarm) {transformation: [-0.8548f,-0.5134f,-0.0759f,-0.375f,-0.2565f,0.545f,-0.7982f,1.1973f,0.4512f,-0.6628f,-0.5976f,0.4365f,0f,0f,0f,1f],start_interpolation: 0,interpolation_duration: 1}
$data merge entity $(item_display_tingle_book) {transformation: [-0.4784f,-0.0564f,-0.134f,-0.0188f,-0.1386f,0.0378f,0.4789f,0.7052f,-0.0439f,0.4954f,-0.0518f,0.7446f,0f,0f,0f,1f],start_interpolation: 0,interpolation_duration: 1}
$data merge entity $(bone_leftarm) {transformation: [-0.866f,0.4871f,0.1128f,0.375f,0.4813f,0.8733f,-0.0756f,1.1973f,-0.1353f,-0.0111f,-0.9907f,0.4365f,0f,0f,0f,1f],start_interpolation: 0,interpolation_duration: 1}
$data merge entity $(bone_misc_head_items) {transformation: [-1f,0f,0f,0f,0f,0.5388f,0.8424f,1.2868f,0f,0.8424f,-0.5388f,0.5238f,0f,0f,0f,1f],start_interpolation: 0,interpolation_duration: 1}
$data merge entity $(bone_head) {transformation: [-1f,0f,0f,0f,0f,0.5388f,0.8424f,1.2868f,0f,0.8424f,-0.5388f,0.5238f,0f,0f,0f,1f],start_interpolation: 0,interpolation_duration: 1}
$data merge entity $(item_display_tingles_pack) {transformation: [-0.5f,0f,0f,0f,0f,0.3579f,0.1746f,1.2825f,0f,0.3492f,-0.1789f,0.1702f,0f,0f,0f,1f],start_interpolation: 0,interpolation_duration: 1}
$data merge entity $(item_display_tingles_ballon_small) {transformation: [-0.0546f,0f,0f,0f,0f,-0.0546f,0f,1.5261f,0f,0f,0.0546f,0.1864f,0f,0f,0f,1f],start_interpolation: 0,interpolation_duration: 1}
$data merge entity $(item_display_tingles_ballon_big) {transformation: [-0.1091f,0f,0f,0f,0f,-0.0887f,0f,1.522f,0f,0f,0.1091f,0.1689f,0f,0f,0f,1f],start_interpolation: 0,interpolation_duration: 1}
$data merge entity $(bone_torso) {transformation: [-1f,0f,0f,0f,0f,0.7157f,0.6984f,0.75f,0f,0.6984f,-0.7157f,0f,0f,0f,0f,1f],start_interpolation: 0,interpolation_duration: 1}