# This file was generated by Animated Java via MC-Build. It is not recommended to edit this file directly.
$data merge entity $(bone_lowerrightleg) {transformation: [-1f,0f,0f,-0.125f,0f,1f,0.0066f,0.3871f,0f,0.0066f,-1f,0.0947f,0f,0f,0f,1f],start_interpolation: 0,interpolation_duration: 1}
$data merge entity $(bone_rightleg) {transformation: [-1f,0f,0f,-0.125f,0f,0.9676f,-0.2525f,0.75f,0f,-0.2525f,-0.9676f,0f,0f,0f,0f,1f],start_interpolation: 0,interpolation_duration: 1}
$data merge entity $(bone_lowerleftleg) {transformation: [-1f,0f,0f,0.125f,0f,0.9835f,0.181f,0.3762f,0f,0.181f,-0.9835f,0.0299f,0f,0f,0f,1f],start_interpolation: 0,interpolation_duration: 1}
$data merge entity $(bone_leftleg) {transformation: [-1f,0f,0f,0.125f,0f,0.9968f,-0.0797f,0.75f,0f,-0.0797f,-0.9968f,0f,0f,0f,0f,1f],start_interpolation: 0,interpolation_duration: 1}
$data merge entity $(block_display_tingle_pen) {transformation: [-0.4971f,-0.0817f,-0.0352f,-0.1331f,0.0513f,-0.9173f,-0.1923f,1.2879f,-0.0166f,-0.3896f,0.4602f,0.7278f,0f,0f,0f,1f],start_interpolation: 0,interpolation_duration: 1}
$data merge entity $(bone_rightarm) {transformation: [-0.9942f,0.0704f,-0.0817f,-0.375f,0.1026f,0.3846f,-0.9173f,1.2617f,-0.0332f,-0.9204f,-0.3896f,0.3588f,0f,0f,0f,1f],start_interpolation: 0,interpolation_duration: 1}
$data merge entity $(item_display_tingle_book) {transformation: [-0.4786f,-0.0552f,-0.1338f,-0.0184f,-0.1434f,0.1191f,0.464f,0.8276f,-0.0194f,0.4825f,-0.1298f,0.7448f,0f,0f,0f,1f],start_interpolation: 0,interpolation_duration: 1}
$data merge entity $(bone_leftarm) {transformation: [-0.866f,0.4877f,0.1104f,0.375f,0.4533f,0.859f,-0.2382f,1.2617f,-0.211f,-0.1562f,-0.9649f,0.3588f,0f,0f,0f,1f],start_interpolation: 0,interpolation_duration: 1}
$data merge entity $(bone_misc_head_items) {transformation: [-1f,0f,0f,0f,0f,0.7002f,0.714f,1.3641f,0f,0.714f,-0.7002f,0.4306f,0f,0f,0f,1f],start_interpolation: 0,interpolation_duration: 1}
$data merge entity $(bone_head) {transformation: [-1f,0f,0f,0f,0f,0.7002f,0.714f,1.3641f,0f,0.714f,-0.7002f,0.4306f,0f,0f,0f,1f],start_interpolation: 0,interpolation_duration: 1}
$data merge entity $(item_display_tingles_pack) {transformation: [-0.5f,0f,0f,0f,0f,0.4094f,0.1435f,1.3029f,0f,0.2871f,-0.2047f,0.0824f,0f,0f,0f,1f],start_interpolation: 0,interpolation_duration: 1}
$data merge entity $(item_display_tingles_ballon_small) {transformation: [-0.936f,0f,0f,0f,0f,-0.936f,0f,2.1138f,0f,0f,0.936f,0.1082f,0f,0f,0f,1f],start_interpolation: 0,interpolation_duration: 1}
$data merge entity $(item_display_tingles_ballon_big) {transformation: [-1.872f,0f,0f,0f,0f,-1.521f,0f,2.9262f,0f,0f,1.872f,0.0829f,0f,0f,0f,1f],start_interpolation: 0,interpolation_duration: 1}
$data merge entity $(bone_torso) {transformation: [-1f,0f,0f,0f,0f,0.8188f,0.5741f,0.75f,0f,0.5741f,-0.8188f,0f,0f,0f,0f,1f],start_interpolation: 0,interpolation_duration: 1}