# This file was generated by Animated Java via MC-Build. It is not recommended to edit this file directly.
$data merge entity $(bone_lowerrightleg) {transformation: [-1f,0f,0f,-0.125f,0f,0.999f,0.0457f,0.3837f,0f,0.0457f,-0.999f,0.0804f,0f,0f,0f,1f],start_interpolation: 0,interpolation_duration: 1}
$data merge entity $(bone_rightleg) {transformation: [-1f,0f,0f,-0.125f,0f,0.9768f,-0.2144f,0.75f,0f,-0.2144f,-0.9768f,0f,0f,0f,0f,1f],start_interpolation: 0,interpolation_duration: 1}
$data merge entity $(bone_lowerleftleg) {transformation: [-1f,0f,0f,0.125f,0f,0.9815f,0.1913f,0.3759f,0f,0.1913f,-0.9815f,0.026f,0f,0f,0f,1f],start_interpolation: 0,interpolation_duration: 1}
$data merge entity $(bone_leftleg) {transformation: [-1f,0f,0f,0.125f,0f,0.9976f,-0.0692f,0.75f,0f,-0.0692f,-0.9976f,0f,0f,0f,0f,1f],start_interpolation: 0,interpolation_duration: 1}
$data merge entity $(block_display_tingle_pen) {transformation: [-0.4965f,-0.0811f,-0.0429f,-0.1384f,0.055f,-0.9f,-0.2109f,1.2627f,-0.0215f,-0.4283f,0.4513f,0.7438f,0f,0f,0f,1f],start_interpolation: 0,interpolation_duration: 1}
$data merge entity $(bone_rightarm) {transformation: [-0.993f,0.0858f,-0.0811f,-0.375f,0.11f,0.4218f,-0.9f,1.2533f,-0.043f,-0.9026f,-0.4283f,0.3706f,0f,0f,0f,1f],start_interpolation: 0,interpolation_duration: 1}
$data merge entity $(item_display_tingle_book) {transformation: [-0.4782f,-0.0579f,-0.1342f,-0.0193f,-0.1437f,0.1032f,0.4676f,0.806f,-0.0264f,0.4858f,-0.1153f,0.7403f,0f,0f,0f,1f],start_interpolation: 0,interpolation_duration: 1}
$data merge entity $(bone_leftarm) {transformation: [-0.866f,0.4864f,0.1157f,0.375f,0.4581f,0.8646f,-0.2063f,1.2533f,-0.2004f,-0.1257f,-0.9716f,0.3706f,0f,0f,0f,1f],start_interpolation: 0,interpolation_duration: 1}
$data merge entity $(bone_misc_head_items) {transformation: [-1f,0f,0f,0f,0f,0.6674f,0.7447f,1.3539f,0f,0.7447f,-0.6674f,0.4447f,0f,0f,0f,1f],start_interpolation: 0,interpolation_duration: 1}
$data merge entity $(bone_head) {transformation: [-1f,0f,0f,0f,0f,0.6674f,0.7447f,1.3539f,0f,0.7447f,-0.6674f,0.4447f,0f,0f,0f,1f],start_interpolation: 0,interpolation_duration: 1}
$data merge entity $(item_display_tingles_pack) {transformation: [-0.5f,0f,0f,0f,0f,0.4026f,0.1482f,1.3009f,0f,0.2965f,-0.2013f,0.0952f,0f,0f,0f,1f],start_interpolation: 0,interpolation_duration: 1}
$data merge entity $(item_display_tingles_ballon_small) {transformation: [-0.9545f,0f,0f,0f,0f,-0.9545f,0f,2.1343f,0f,0f,0.9545f,0.1288f,0f,0f,0f,1f],start_interpolation: 0,interpolation_duration: 1}
$data merge entity $(item_display_tingles_ballon_big) {transformation: [-1.909f,0f,0f,0f,0f,-1.551f,0f,2.9643f,0f,0f,1.909f,0.1058f,0f,0f,0f,1f],start_interpolation: 0,interpolation_duration: 1}
$data merge entity $(bone_torso) {transformation: [-1f,0f,0f,0f,0f,0.8052f,0.593f,0.75f,0f,0.593f,-0.8052f,0f,0f,0f,0f,1f],start_interpolation: 0,interpolation_duration: 1}