# This file was generated by Animated Java via MC-Build. It is not recommended to edit this file directly.
$data merge entity $(bone_lowerrightleg) {transformation: [-1f,0f,0f,-0.125f,0f,0.8732f,0.4873f,0.3764f,0f,0.4873f,-0.8732f,-0.0319f,0f,0f,0f,1f],start_interpolation: 0,interpolation_duration: 1}
$data merge entity $(bone_rightleg) {transformation: [-1f,0f,0f,-0.125f,0f,0.9964f,0.0851f,0.75f,0f,0.0851f,-0.9964f,0f,0f,0f,0f,1f],start_interpolation: 0,interpolation_duration: 1}
$data merge entity $(bone_lowerleftleg) {transformation: [-1f,0f,0f,0.125f,0f,0.9893f,-0.1456f,0.3863f,0f,-0.1456f,-0.9893f,0.0913f,0f,0f,0f,1f],start_interpolation: 0,interpolation_duration: 1}
$data merge entity $(bone_leftleg) {transformation: [-1f,0f,0f,0.125f,0f,0.9699f,-0.2435f,0.75f,0f,-0.2435f,-0.9699f,0f,0f,0f,0f,1f],start_interpolation: 0,interpolation_duration: 1}
$data merge entity $(block_display_tingle_pen) {transformation: [-0.432f,-0.076f,0.2489f,0.0108f,-0.1257f,-0.7914f,-0.2786f,1.2294f,0.2182f,-0.6065f,0.3323f,0.654f,0f,0f,0f,1f],start_interpolation: 0,interpolation_duration: 1}
$data merge entity $(bone_rightarm) {transformation: [-0.8639f,-0.4978f,-0.076f,-0.375f,-0.2515f,0.5572f,-0.7914f,1.1923f,0.4363f,-0.6646f,-0.6065f,0.4416f,0f,0f,0f,1f],start_interpolation: 0,interpolation_duration: 1}
$data merge entity $(item_display_tingle_book) {transformation: [-0.4786f,-0.0552f,-0.1338f,-0.0184f,-0.1379f,0.0342f,0.4794f,0.6982f,-0.0438f,0.4958f,-0.0479f,0.747f,0f,0f,0f,1f],start_interpolation: 0,interpolation_duration: 1}
$data merge entity $(bone_leftarm) {transformation: [-0.866f,0.4877f,0.1104f,0.375f,0.4829f,0.873f,-0.0684f,1.1923f,-0.1297f,-0.0059f,-0.9915f,0.4416f,0f,0f,0f,1f],start_interpolation: 0,interpolation_duration: 1}
$data merge entity $(bone_head) {transformation: [-1f,0f,0f,0f,0f,0.5411f,0.8409f,1.2807f,0f,0.8409f,-0.5411f,0.53f,0f,0f,0f,1f],start_interpolation: 0,interpolation_duration: 1}
$data merge entity $(item_display_tingles_pack) {transformation: [-0.5f,0f,0f,0f,0f,0.3538f,0.1767f,1.2805f,0f,0.3533f,-0.1769f,0.1764f,0f,0f,0f,1f],start_interpolation: 0,interpolation_duration: 1}
$data merge entity $(item_display_tingles_ballon_small) {transformation: [-0.064f,0f,0f,0f,0f,-0.064f,0f,1.5345f,0f,0f,0.064f,0.1927f,0f,0f,0f,1f],start_interpolation: 0,interpolation_duration: 1}
$data merge entity $(item_display_tingles_ballon_big) {transformation: [-0.128f,0f,0f,0f,0f,-0.104f,0f,1.5398f,0f,0f,0.128f,0.1745f,0f,0f,0f,1f],start_interpolation: 0,interpolation_duration: 1}
$data merge entity $(bone_torso) {transformation: [-1f,0f,0f,0f,0f,0.7076f,0.7066f,0.75f,0f,0.7066f,-0.7076f,0f,0f,0f,0f,1f],start_interpolation: 0,interpolation_duration: 1}