# This file was generated by Animated Java via MC-Build. It is not recommended to edit this file directly.
$data merge entity $(bone_lower_rightleg) {transformation: [-1f,0f,0f,-0.125f,0f,0f,1f,0.1098f,0f,1f,0f,0.2652f,0f,0f,0f,1f],start_interpolation: 0,interpolation_duration: 1}
$data merge entity $(bone_rightleg) {transformation: [-1f,0f,0f,-0.125f,0f,0.7071f,-0.7071f,0.375f,0f,-0.7071f,-0.7071f,0f,0f,0f,0f,1f],start_interpolation: 0,interpolation_duration: 1}
$data merge entity $(bone_lower_leftleg) {transformation: [-1f,0f,0f,0.125f,0f,0f,1f,0.1098f,0f,1f,0f,0.2652f,0f,0f,0f,1f],start_interpolation: 0,interpolation_duration: 1}
$data merge entity $(bone_leftleg) {transformation: [-1f,0f,0f,0.125f,0f,0.7071f,-0.7071f,0.375f,0f,-0.7071f,-0.7071f,0f,0f,0f,0f,1f],start_interpolation: 0,interpolation_duration: 1}
$data merge entity $(item_display_item_display) {transformation: [-0.0224f,-0.0164f,0.9996f,-0.2354f,0.3825f,0.9236f,0.0238f,0.6412f,-0.9237f,0.3829f,-0.0144f,0.6649f,0f,0f,0f,1f],start_interpolation: 0,interpolation_duration: 1}
$data merge entity $(bone_rightarm) {transformation: [-0.9996f,-0.0224f,0.0164f,-0.375f,-0.0238f,0.3825f,-0.9236f,0.9688f,0.0144f,-0.9237f,-0.3829f,0.195f,0f,0f,0f,1f],start_interpolation: 0,interpolation_duration: 1}
$data merge entity $(bone_leftarm) {transformation: [-0.9996f,0.0224f,-0.0164f,0.375f,0.0238f,0.3825f,-0.9236f,0.9688f,-0.0144f,-0.9237f,-0.3829f,0.195f,0f,0f,0f,1f],start_interpolation: 0,interpolation_duration: 1}
$data merge entity $(bone_hat) {transformation: [-1f,0f,0f,0f,0f,1f,0f,1.0876f,0f,0f,-1f,0.234f,0f,0f,0f,1f],start_interpolation: 0,interpolation_duration: 1}
$data merge entity $(bone_head) {transformation: [-1f,0f,0f,0f,0f,1f,0f,1.0876f,0f,0f,-1f,0.234f,0f,0f,0f,1f],start_interpolation: 0,interpolation_duration: 1}
$data merge entity $(bone_torso) {transformation: [-1f,0f,0f,0f,0f,0.9501f,0.312f,0.375f,0f,0.312f,-0.9501f,0f,0f,0f,0f,1f],start_interpolation: 0,interpolation_duration: 1}
data modify entity @s data merge value {"cameras":{},"locators":{"locator":{"px":2.8652846805418283e-17,"py":-0.3375720020803234,"pz":-0.23396824966486263,"ry":0,"rx":18.177248221363307}}}