# This file was generated by Animated Java via MC-Build. It is not recommended to edit this file directly.
$data merge entity $(bone_lower_rightleg) {transformation: [-1f,0f,0f,-0.125f,0f,0f,1f,0.1098f,0f,1f,0f,0.2652f,0f,0f,0f,1f],start_interpolation: 0,interpolation_duration: 1}
$data merge entity $(bone_rightleg) {transformation: [-1f,0f,0f,-0.125f,0f,0.7071f,-0.7071f,0.375f,0f,-0.7071f,-0.7071f,0f,0f,0f,0f,1f],start_interpolation: 0,interpolation_duration: 1}
$data merge entity $(bone_lower_leftleg) {transformation: [-1f,0f,0f,0.125f,0f,0f,1f,0.1098f,0f,1f,0f,0.2652f,0f,0f,0f,1f],start_interpolation: 0,interpolation_duration: 1}
$data merge entity $(bone_leftleg) {transformation: [-1f,0f,0f,0.125f,0f,0.7071f,-0.7071f,0.375f,0f,-0.7071f,-0.7071f,0f,0f,0f,0f,1f],start_interpolation: 0,interpolation_duration: 1}
$data merge entity $(bone_rightarm) {transformation: [-0.9659f,-0.1983f,-0.1664f,-0.375f,-0.0885f,0.8571f,-0.5075f,0.9623f,0.2432f,-0.4755f,-0.8454f,0.2138f,0f,0f,0f,1f],start_interpolation: 0,interpolation_duration: 1}
$data merge entity $(bone_leftarm) {transformation: [-0.9659f,0.1983f,0.1664f,0.375f,0.0885f,0.8571f,-0.5075f,0.9623f,-0.2432f,-0.4755f,-0.8454f,0.2138f,0f,0f,0f,1f],start_interpolation: 0,interpolation_duration: 1}
$data merge entity $(bone_hat) {transformation: [-1f,0f,0f,0f,0f,1f,0f,1.0798f,0f,0f,-1f,0.2565f,0f,0f,0f,1f],start_interpolation: 0,interpolation_duration: 1}
$data merge entity $(bone_head) {transformation: [-1f,0f,0f,0f,0f,1f,0f,1.0798f,0f,0f,-1f,0.2565f,0f,0f,0f,1f],start_interpolation: 0,interpolation_duration: 1}
$data merge entity $(bone_torso) {transformation: [-1f,0f,0f,0f,0f,0.9397f,0.342f,0.375f,0f,0.342f,-0.9397f,0f,0f,0f,0f,1f],start_interpolation: 0,interpolation_duration: 1}