# This file was generated by Animated Java via MC-Build. It is not recommended to edit this file directly.
$data merge entity $(bone_lower_rightleg) {transformation: [-0.999f,0.0436f,-0.0015f,-0.1413f,0.0436f,0.999f,0f,0.3754f,0.0015f,0f,-1f,0.0008f,0f,0f,0f,1f],start_interpolation: 0,interpolation_duration: 1}
$data merge entity $(bone_rightleg) {transformation: [-0.999f,0.0436f,-0.0019f,-0.125f,0.0436f,0.999f,-0.0087f,0.75f,0.0015f,-0.0088f,-1f,-0.0025f,0f,0f,0f,1f],start_interpolation: 0,interpolation_duration: 1}
$data merge entity $(bone_lower_leftleg) {transformation: [-0.999f,-0.0436f,0.0015f,0.1413f,-0.0436f,0.999f,0f,0.3754f,-0.0015f,0f,-1f,0.0008f,0f,0f,0f,1f],start_interpolation: 0,interpolation_duration: 1}
$data merge entity $(bone_leftleg) {transformation: [-0.999f,-0.0436f,0.0019f,0.125f,-0.0436f,0.999f,-0.0087f,0.75f,-0.0015f,-0.0088f,-1f,-0.0025f,0f,0f,0f,1f],start_interpolation: 0,interpolation_duration: 1}
$data merge entity $(bone_rightarm) {transformation: [-0.766f,-0.6428f,0f,-0.375f,0.596f,-0.7103f,-0.3746f,1.3746f,0.2408f,-0.287f,0.9272f,0.0193f,0f,0f,0f,1f],start_interpolation: 0,interpolation_duration: 1}
$data merge entity $(bone_leftarm) {transformation: [-1f,0f,0f,0.375f,0f,0.9981f,0.061f,1.3746f,0f,0.061f,-0.9981f,0.0193f,0f,0f,0f,1f],start_interpolation: 0,interpolation_duration: 1}
$data merge entity $(bone_hat) {transformation: [-1f,0f,0f,0f,0f,0.7071f,-0.7071f,1.4995f,0f,-0.7071f,-0.7071f,0.0237f,0f,0f,0f,1f],start_interpolation: 0,interpolation_duration: 1}
$data merge entity $(bone_head) {transformation: [-1f,0f,0f,0f,0f,0.7071f,-0.7071f,1.4995f,0f,-0.7071f,-0.7071f,0.0237f,0f,0f,0f,1f],start_interpolation: 0,interpolation_duration: 1}
$data merge entity $(bone_torso) {transformation: [-1f,0f,0f,0f,0f,0.9994f,0.0349f,0.75f,0f,0.0349f,-0.9994f,-0.0025f,0f,0f,0f,1f],start_interpolation: 0,interpolation_duration: 1}