# This file was generated by Animated Java via MC-Build. It is not recommended to edit this file directly.
$data merge entity $(bone_lower_rightleg) {transformation: [-0.999f,0.0434f,-0.0046f,-0.1412f,0.0434f,0.9991f,0.0001f,0.3755f,0.0046f,-0.0001f,-1f,0.0024f,0f,0f,0f,1f],start_interpolation: 0,interpolation_duration: 1}
$data merge entity $(bone_rightleg) {transformation: [-0.999f,0.0432f,-0.0057f,-0.125f,0.0434f,0.9987f,-0.0261f,0.75f,0.0046f,-0.0263f,-0.9996f,-0.0075f,0f,0f,0f,1f],start_interpolation: 0,interpolation_duration: 1}
$data merge entity $(bone_lower_leftleg) {transformation: [-0.999f,-0.0434f,0.0046f,0.1412f,-0.0434f,0.9991f,0.0001f,0.3755f,-0.0046f,-0.0001f,-1f,0.0024f,0f,0f,0f,1f],start_interpolation: 0,interpolation_duration: 1}
$data merge entity $(bone_leftleg) {transformation: [-0.999f,-0.0432f,0.0057f,0.125f,-0.0434f,0.9987f,-0.0261f,0.75f,-0.0046f,-0.0263f,-0.9996f,-0.0075f,0f,0f,0f,1f],start_interpolation: 0,interpolation_duration: 1}
$data merge entity $(bone_rightarm) {transformation: [-0.766f,-0.6428f,0f,-0.375f,0.5778f,-0.6885f,-0.4384f,1.3716f,0.2818f,-0.3358f,0.8988f,0.0578f,0f,0f,0f,1f],start_interpolation: 0,interpolation_duration: 1}
$data merge entity $(bone_leftarm) {transformation: [-1f,0f,0f,0.375f,0f,0.9833f,0.1822f,1.3716f,0f,0.1822f,-0.9833f,0.0578f,0f,0f,0f,1f],start_interpolation: 0,interpolation_duration: 1}
$data merge entity $(bone_hat) {transformation: [-1f,0f,0f,0f,0f,0.7071f,-0.7071f,1.4959f,0f,-0.7071f,-0.7071f,0.0709f,0f,0f,0f,1f],start_interpolation: 0,interpolation_duration: 1}
$data merge entity $(bone_head) {transformation: [-1f,0f,0f,0f,0f,0.7071f,-0.7071f,1.4959f,0f,-0.7071f,-0.7071f,0.0709f,0f,0f,0f,1f],start_interpolation: 0,interpolation_duration: 1}
$data merge entity $(bone_torso) {transformation: [-1f,0f,0f,0f,0f,0.9945f,0.1045f,0.75f,0f,0.1045f,-0.9945f,-0.0075f,0f,0f,0f,1f],start_interpolation: 0,interpolation_duration: 1}