# This file was generated by Animated Java via MC-Build. It is not recommended to edit this file directly.
$data merge entity $(bone_lowerrightleg) {transformation: [0.866f,-0.1891f,0.4629f,-0.023f,0f,0.9257f,0.3782f,0.4198f,-0.5f,-0.3275f,0.8017f,-0.2899f,0f,0f,0f,1f],start_interpolation: 0,interpolation_duration: 1}
$data merge entity $(bone_rightleg) {transformation: [0.866f,0.3501f,0.357f,0.1083f,0f,0.7139f,-0.7002f,0.6875f,-0.5f,0.6064f,0.6183f,-0.0625f,0f,0f,0f,1f],start_interpolation: 0,interpolation_duration: 1}
$data merge entity $(bone_lowerleftleg) {transformation: [0.866f,-0.0677f,0.4954f,-0.1585f,0f,0.9908f,0.1353f,0.3262f,-0.5f,-0.1172f,0.8581f,-0.0246f,0f,0f,0f,1f],start_interpolation: 0,interpolation_duration: 1}
$data merge entity $(bone_leftleg) {transformation: [0.866f,0.1341f,0.4817f,-0.1083f,0f,0.9634f,-0.2682f,0.6875f,-0.5f,0.2322f,0.8343f,0.0625f,0f,0f,0f,1f],start_interpolation: 0,interpolation_duration: 1}
$data merge entity $(block_display_tingle_pen) {transformation: [0.0377f,0.5f,0.4314f,0.4817f,0.4981f,0f,-0.0436f,1.0362f,-0.0218f,0.866f,-0.249f,-0.4946f,0f,0f,0f,1f],start_interpolation: 0,interpolation_duration: 1}
$data merge entity $(bone_rightarm) {transformation: [0.0755f,-0.8627f,0.5f,0.3248f,0.9962f,0.0872f,0f,1.3125f,-0.0436f,0.4981f,0.866f,-0.1875f,0f,0f,0f,1f],start_interpolation: 0,interpolation_duration: 1}
$data merge entity $(item_display_tingle_book) {transformation: [-0.2783f,-0.25f,0.3317f,-1.0155f,-0.383f,0f,-0.3214f,1.1958f,0.1607f,-0.433f,-0.1915f,0.2255f,0f,0f,0f,1f],start_interpolation: 0,interpolation_duration: 1}
$data merge entity $(bone_leftarm) {transformation: [0.0755f,0.8627f,0.5f,-0.3248f,-0.9962f,0.0872f,0f,1.3125f,-0.0436f,-0.4981f,0.866f,0.1875f,0f,0f,0f,1f],start_interpolation: 0,interpolation_duration: 1}
$data merge entity $(bone_head) {transformation: [0.866f,-0.0226f,0.4995f,0f,0f,0.999f,0.0452f,1.4375f,-0.5f,-0.0392f,0.8651f,0f,0f,0f,0f,1f],start_interpolation: 0,interpolation_duration: 1}
$data merge entity $(item_display_tingles_pack) {transformation: [0.433f,0f,0.125f,0.125f,0f,0.5f,0f,1.1875f,-0.25f,0f,0.2165f,0.2165f,0f,0f,0f,1f],start_interpolation: 0,interpolation_duration: 1}
$data merge entity $(item_display_tingles_ballon_small) {transformation: [0f,0f,0f,0.3125f,0f,0f,0f,2f,0f,0f,0f,0.5413f,0f,0f,0f,1f],start_interpolation: 0,interpolation_duration: 1}
$data merge entity $(item_display_tingles_ballon_big) {transformation: [0f,0f,0f,0.5156f,0f,0f,0f,2.6875f,0f,0f,0f,0.8931f,0f,0f,0f,1f],start_interpolation: 0,interpolation_duration: 1}
$data merge entity $(bone_torso) {transformation: [0.866f,0f,0.5f,0f,0f,1f,0f,0.6875f,-0.5f,0f,0.866f,0f,0f,0f,0f,1f],start_interpolation: 0,interpolation_duration: 1}