# This file was generated by Animated Java via MC-Build. It is not recommended to edit this file directly.
$data merge entity $(bone_lowerrightleg) {transformation: [-0.2588f,0.1307f,-0.957f,0.0648f,0f,0.9908f,0.1353f,0.3575f,0.9659f,0.035f,-0.2564f,0.1468f,0f,0f,0f,1f],start_interpolation: 0,interpolation_duration: 1}
$data merge entity $(bone_rightleg) {transformation: [-0.2588f,-0.259f,-0.9305f,-0.0324f,0f,0.9634f,-0.2682f,0.7188f,0.9659f,-0.0694f,-0.2493f,0.1207f,0f,0f,0f,1f],start_interpolation: 0,interpolation_duration: 1}
$data merge entity $(bone_lowerleftleg) {transformation: [-0.2588f,0.3653f,-0.8942f,0.286f,0f,0.9257f,0.3782f,0.451f,0.9659f,0.0979f,-0.2396f,-0.0528f,0f,0f,0f,1f],start_interpolation: 0,interpolation_duration: 1}
$data merge entity $(bone_leftleg) {transformation: [-0.2588f,-0.6764f,-0.6896f,0.0324f,0f,0.7139f,-0.7002f,0.7188f,0.9659f,-0.1812f,-0.1848f,-0.1207f,0f,0f,0f,1f],start_interpolation: 0,interpolation_duration: 1}
$data merge entity $(block_display_tingle_pen) {transformation: [0.0225f,-0.9659f,-0.1274f,-0.0068f,0.4924f,0f,0.0868f,1.1518f,-0.0839f,-0.2588f,0.4756f,0.7499f,0f,0f,0f,1f],start_interpolation: 0,interpolation_duration: 1}
$data merge entity $(bone_rightarm) {transformation: [0.0449f,0.2549f,-0.9659f,-0.0971f,0.9848f,-0.1736f,0f,1.3438f,-0.1677f,-0.9513f,-0.2588f,0.3622f,0f,0f,0f,1f],start_interpolation: 0,interpolation_duration: 1}
$data merge entity $(item_display_tingle_book) {transformation: [0.106f,0.483f,-0.0742f,0.561f,-0.2868f,0f,-0.4096f,1.3907f,-0.3956f,0.1294f,0.277f,-0.8864f,0f,0f,0f,1f],start_interpolation: 0,interpolation_duration: 1}
$data merge entity $(bone_leftarm) {transformation: [0.0449f,-0.2549f,-0.9659f,0.0971f,-0.9848f,-0.1736f,0f,1.3438f,-0.1677f,0.9513f,-0.2588f,-0.3622f,0f,0f,0f,1f],start_interpolation: 0,interpolation_duration: 1}
$data merge entity $(bone_head) {transformation: [-0.2588f,0.1554f,-0.9533f,0f,0f,0.987f,0.1609f,1.4688f,0.9659f,0.0416f,-0.2554f,0f,0f,0f,0f,1f],start_interpolation: 0,interpolation_duration: 1}
$data merge entity $(item_display_tingles_pack) {transformation: [-0.1294f,0f,-0.2415f,-0.2415f,0f,0.5f,0f,1.2188f,0.483f,0f,-0.0647f,-0.0647f,0f,0f,0f,1f],start_interpolation: 0,interpolation_duration: 1}
$data merge entity $(item_display_tingles_ballon_small) {transformation: [0f,0f,0f,-0.6037f,0f,0f,0f,2.0313f,0f,0f,0f,-0.1618f,0f,0f,0f,1f],start_interpolation: 0,interpolation_duration: 1}
$data merge entity $(item_display_tingles_ballon_big) {transformation: [0f,0f,0f,-0.9961f,0f,0f,0f,2.7188f,0f,0f,0f,-0.2669f,0f,0f,0f,1f],start_interpolation: 0,interpolation_duration: 1}
$data merge entity $(bone_torso) {transformation: [-0.2588f,0f,-0.9659f,0f,0f,1f,0f,0.7188f,0.9659f,0f,-0.2588f,0f,0f,0f,0f,1f],start_interpolation: 0,interpolation_duration: 1}