# This file was generated by Animated Java via MC-Build. It is not recommended to edit this file directly.
$data merge entity $(bone_lower_rightleg) {transformation: [-0.999f,0.043f,-0.0076f,-0.141f,0.043f,0.9991f,0.0002f,0.3757f,0.0076f,-0.0002f,-1f,0.0039f,0f,0f,0f,1f],start_interpolation: 0,interpolation_duration: 1}
$data merge entity $(bone_rightleg) {transformation: [-0.999f,0.0426f,-0.0094f,-0.125f,0.043f,0.9981f,-0.0434f,0.75f,0.0076f,-0.0438f,-0.999f,-0.0125f,0f,0f,0f,1f],start_interpolation: 0,interpolation_duration: 1}
$data merge entity $(bone_lower_leftleg) {transformation: [-0.999f,-0.043f,0.0076f,0.141f,-0.043f,0.9991f,0.0002f,0.3757f,-0.0076f,-0.0002f,-1f,0.0039f,0f,0f,0f,1f],start_interpolation: 0,interpolation_duration: 1}
$data merge entity $(bone_leftleg) {transformation: [-0.999f,-0.0426f,0.0094f,0.125f,-0.043f,0.9981f,-0.0434f,0.75f,-0.0076f,-0.0438f,-0.999f,-0.0125f,0f,0f,0f,1f],start_interpolation: 0,interpolation_duration: 1}
$data merge entity $(bone_rightarm) {transformation: [-0.766f,-0.6428f,0f,-0.375f,0.5567f,-0.6634f,-0.5f,1.3655f,0.3214f,-0.383f,0.866f,0.096f,0f,0f,0f,1f],start_interpolation: 0,interpolation_duration: 1}
$data merge entity $(bone_leftarm) {transformation: [-1f,0f,0f,0.375f,0f,0.9537f,0.3007f,1.3655f,0f,0.3007f,-0.9537f,0.096f,0f,0f,0f,1f],start_interpolation: 0,interpolation_duration: 1}
$data merge entity $(bone_hat) {transformation: [-1f,0f,0f,0f,0f,0.7071f,-0.7071f,1.4886f,0f,-0.7071f,-0.7071f,0.1177f,0f,0f,0f,1f],start_interpolation: 0,interpolation_duration: 1}
$data merge entity $(bone_head) {transformation: [-1f,0f,0f,0f,0f,0.7071f,-0.7071f,1.4886f,0f,-0.7071f,-0.7071f,0.1177f,0f,0f,0f,1f],start_interpolation: 0,interpolation_duration: 1}
$data merge entity $(bone_torso) {transformation: [-1f,0f,0f,0f,0f,0.9848f,0.1736f,0.75f,0f,0.1736f,-0.9848f,-0.0125f,0f,0f,0f,1f],start_interpolation: 0,interpolation_duration: 1}