# This file was generated by Animated Java via MC-Build. It is not recommended to edit this file directly.
$data merge entity $(bone_lower_rightleg) {transformation: [-0.999f,0.0431f,-0.0068f,-0.141f,0.0431f,0.9991f,0.0001f,0.3756f,0.0068f,-0.0001f,-1f,0.0035f,0f,0f,0f,1f],start_interpolation: 0,interpolation_duration: 1}
$data merge entity $(bone_rightleg) {transformation: [-0.999f,0.0428f,-0.0085f,-0.125f,0.0431f,0.9983f,-0.0391f,0.75f,0.0068f,-0.0394f,-0.9992f,-0.0113f,0f,0f,0f,1f],start_interpolation: 0,interpolation_duration: 1}
$data merge entity $(bone_lower_leftleg) {transformation: [-0.999f,-0.0431f,0.0068f,0.141f,-0.0431f,0.9991f,0.0001f,0.3756f,-0.0068f,-0.0001f,-1f,0.0035f,0f,0f,0f,1f],start_interpolation: 0,interpolation_duration: 1}
$data merge entity $(bone_leftleg) {transformation: [-0.999f,-0.0428f,0.0085f,0.125f,-0.0431f,0.9983f,-0.0391f,0.75f,-0.0068f,-0.0394f,-0.9992f,-0.0112f,0f,0f,0f,1f],start_interpolation: 0,interpolation_duration: 1}
$data merge entity $(bone_rightarm) {transformation: [-0.766f,-0.6428f,0f,-0.375f,0.5622f,-0.67f,-0.4848f,1.3673f,0.3116f,-0.3714f,0.8746f,0.0865f,0f,0f,0f,1f],start_interpolation: 0,interpolation_duration: 1}
$data merge entity $(bone_leftarm) {transformation: [-1f,0f,0f,0.375f,0f,0.9625f,0.2714f,1.3673f,0f,0.2714f,-0.9625f,0.0865f,0f,0f,0f,1f],start_interpolation: 0,interpolation_duration: 1}
$data merge entity $(bone_hat) {transformation: [-1f,0f,0f,0f,0f,0.7071f,-0.7071f,1.4908f,0f,-0.7071f,-0.7071f,0.1061f,0f,0f,0f,1f],start_interpolation: 0,interpolation_duration: 1}
$data merge entity $(bone_head) {transformation: [-1f,0f,0f,0f,0f,0.7071f,-0.7071f,1.4908f,0f,-0.7071f,-0.7071f,0.1061f,0f,0f,0f,1f],start_interpolation: 0,interpolation_duration: 1}
$data merge entity $(bone_torso) {transformation: [-1f,0f,0f,0f,0f,0.9877f,0.1564f,0.75f,0f,0.1564f,-0.9877f,-0.0112f,0f,0f,0f,1f],start_interpolation: 0,interpolation_duration: 1}