# This file was generated by Animated Java via MC-Build. It is not recommended to edit this file directly.
$data merge entity $(bone_lower_rightleg) {transformation: [-0.999f,0.0436f,-0.0008f,-0.1414f,0.0436f,0.999f,0f,0.3754f,0.0008f,0f,-1f,0.0004f,0f,0f,0f,1f],start_interpolation: 0,interpolation_duration: 1}
$data merge entity $(bone_rightleg) {transformation: [-0.999f,0.0436f,-0.001f,-0.125f,0.0436f,0.999f,-0.0043f,0.75f,0.0008f,-0.0044f,-1f,-0.0013f,0f,0f,0f,1f],start_interpolation: 0,interpolation_duration: 1}
$data merge entity $(bone_lower_leftleg) {transformation: [-0.999f,-0.0436f,0.0008f,0.1414f,-0.0436f,0.999f,0f,0.3754f,-0.0008f,0f,-1f,0.0004f,0f,0f,0f,1f],start_interpolation: 0,interpolation_duration: 1}
$data merge entity $(bone_leftleg) {transformation: [-0.999f,-0.0436f,0.001f,0.125f,-0.0436f,0.999f,-0.0043f,0.75f,-0.0008f,-0.0044f,-1f,-0.0012f,0f,0f,0f,1f],start_interpolation: 0,interpolation_duration: 1}
$data merge entity $(bone_rightarm) {transformation: [-0.766f,-0.6428f,0f,-0.375f,0.6001f,-0.7151f,-0.3584f,1.3749f,0.2304f,-0.2745f,0.9336f,0.0097f,0f,0f,0f,1f],start_interpolation: 0,interpolation_duration: 1}
$data merge entity $(bone_leftarm) {transformation: [-1f,0f,0f,0.375f,0f,0.9995f,0.0305f,1.3749f,0f,0.0305f,-0.9995f,0.0097f,0f,0f,0f,1f],start_interpolation: 0,interpolation_duration: 1}
$data merge entity $(bone_hat) {transformation: [-1f,0f,0f,0f,0f,0.7071f,-0.7071f,1.4999f,0f,-0.7071f,-0.7071f,0.0118f,0f,0f,0f,1f],start_interpolation: 0,interpolation_duration: 1}
$data merge entity $(bone_head) {transformation: [-1f,0f,0f,0f,0f,0.7071f,-0.7071f,1.4999f,0f,-0.7071f,-0.7071f,0.0118f,0f,0f,0f,1f],start_interpolation: 0,interpolation_duration: 1}
$data merge entity $(bone_torso) {transformation: [-1f,0f,0f,0f,0f,0.9998f,0.0175f,0.75f,0f,0.0175f,-0.9998f,-0.0013f,0f,0f,0f,1f],start_interpolation: 0,interpolation_duration: 1}