# This file was generated by Animated Java via MC-Build. It is not recommended to edit this file directly.
$data merge entity $(bone_lower_rightleg) {transformation: [-0.999f,0.0436f,-0.0023f,-0.1413f,0.0436f,0.9991f,0f,0.3754f,0.0023f,0f,-1f,0.0012f,0f,0f,0f,1f],start_interpolation: 0,interpolation_duration: 1}
$data merge entity $(bone_rightleg) {transformation: [-0.999f,0.0435f,-0.0029f,-0.125f,0.0436f,0.999f,-0.013f,0.75f,0.0023f,-0.0131f,-0.9999f,-0.0038f,0f,0f,0f,1f],start_interpolation: 0,interpolation_duration: 1}
$data merge entity $(bone_lower_leftleg) {transformation: [-0.999f,-0.0436f,0.0023f,0.1413f,-0.0436f,0.9991f,0f,0.3754f,-0.0023f,0f,-1f,0.0012f,0f,0f,0f,1f],start_interpolation: 0,interpolation_duration: 1}
$data merge entity $(bone_leftleg) {transformation: [-0.999f,-0.0435f,0.0029f,0.125f,-0.0436f,0.999f,-0.013f,0.75f,-0.0023f,-0.0131f,-0.9999f,-0.0037f,0f,0f,0f,1f],start_interpolation: 0,interpolation_duration: 1}
$data merge entity $(bone_rightarm) {transformation: [-0.766f,-0.6428f,0f,-0.375f,0.5917f,-0.7051f,-0.3907f,1.3741f,0.2512f,-0.2993f,0.9205f,0.029f,0f,0f,0f,1f],start_interpolation: 0,interpolation_duration: 1}
$data merge entity $(bone_leftarm) {transformation: [-1f,0f,0f,0.375f,0f,0.9958f,0.0915f,1.3741f,0f,0.0915f,-0.9958f,0.029f,0f,0f,0f,1f],start_interpolation: 0,interpolation_duration: 1}
$data merge entity $(bone_hat) {transformation: [-1f,0f,0f,0f,0f,0.7071f,-0.7071f,1.499f,0f,-0.7071f,-0.7071f,0.0355f,0f,0f,0f,1f],start_interpolation: 0,interpolation_duration: 1}
$data merge entity $(bone_head) {transformation: [-1f,0f,0f,0f,0f,0.7071f,-0.7071f,1.499f,0f,-0.7071f,-0.7071f,0.0355f,0f,0f,0f,1f],start_interpolation: 0,interpolation_duration: 1}
$data merge entity $(bone_torso) {transformation: [-1f,0f,0f,0f,0f,0.9986f,0.0523f,0.75f,0f,0.0523f,-0.9986f,-0.0037f,0f,0f,0f,1f],start_interpolation: 0,interpolation_duration: 1}