# This file was generated by Animated Java via MC-Build. It is not recommended to edit this file directly.
$data merge entity $(bone_lower_rightleg) {transformation: [-0.999f,0.0435f,-0.003f,-0.1413f,0.0435f,0.9991f,0.0001f,0.3754f,0.003f,-0.0001f,-1f,0.0016f,0f,0f,0f,1f],start_interpolation: 0,interpolation_duration: 1}
$data merge entity $(bone_rightleg) {transformation: [-0.999f,0.0435f,-0.0038f,-0.125f,0.0435f,0.9989f,-0.0174f,0.75f,0.003f,-0.0175f,-0.9998f,-0.005f,0f,0f,0f,1f],start_interpolation: 0,interpolation_duration: 1}
$data merge entity $(bone_lower_leftleg) {transformation: [-0.999f,-0.0435f,0.003f,0.1413f,-0.0435f,0.9991f,0.0001f,0.3754f,-0.003f,-0.0001f,-1f,0.0016f,0f,0f,0f,1f],start_interpolation: 0,interpolation_duration: 1}
$data merge entity $(bone_leftleg) {transformation: [-0.999f,-0.0435f,0.0038f,0.125f,-0.0435f,0.9989f,-0.0174f,0.75f,-0.003f,-0.0175f,-0.9998f,-0.005f,0f,0f,0f,1f],start_interpolation: 0,interpolation_duration: 1}
$data merge entity $(bone_rightarm) {transformation: [-0.766f,-0.6428f,0f,-0.375f,0.5872f,-0.6998f,-0.4067f,1.3735f,0.2614f,-0.3116f,0.9135f,0.0386f,0f,0f,0f,1f],start_interpolation: 0,interpolation_duration: 1}
$data merge entity $(bone_leftarm) {transformation: [-1f,0f,0f,0.375f,0f,0.9925f,0.1219f,1.3735f,0f,0.1219f,-0.9925f,0.0386f,0f,0f,0f,1f],start_interpolation: 0,interpolation_duration: 1}
$data merge entity $(bone_hat) {transformation: [-1f,0f,0f,0f,0f,0.7071f,-0.7071f,1.4982f,0f,-0.7071f,-0.7071f,0.0473f,0f,0f,0f,1f],start_interpolation: 0,interpolation_duration: 1}
$data merge entity $(bone_head) {transformation: [-1f,0f,0f,0f,0f,0.7071f,-0.7071f,1.4982f,0f,-0.7071f,-0.7071f,0.0473f,0f,0f,0f,1f],start_interpolation: 0,interpolation_duration: 1}
$data merge entity $(bone_torso) {transformation: [-1f,0f,0f,0f,0f,0.9976f,0.0698f,0.75f,0f,0.0698f,-0.9976f,-0.005f,0f,0f,0f,1f],start_interpolation: 0,interpolation_duration: 1}