# This file was generated by Animated Java via MC-Build. It is not recommended to edit this file directly.
$data merge entity $(bone_lower_rightleg) {transformation: [-0.999f,0.0433f,-0.0053f,-0.1412f,0.0433f,0.9991f,0.0001f,0.3755f,0.0053f,-0.0001f,-1f,0.0027f,0f,0f,0f,1f],start_interpolation: 0,interpolation_duration: 1}
$data merge entity $(bone_rightleg) {transformation: [-0.999f,0.0431f,-0.0066f,-0.125f,0.0433f,0.9986f,-0.0304f,0.75f,0.0053f,-0.0307f,-0.9995f,-0.0088f,0f,0f,0f,1f],start_interpolation: 0,interpolation_duration: 1}
$data merge entity $(bone_lower_leftleg) {transformation: [-0.999f,-0.0433f,0.0053f,0.1412f,-0.0433f,0.9991f,0.0001f,0.3755f,-0.0053f,-0.0001f,-1f,0.0027f,0f,0f,0f,1f],start_interpolation: 0,interpolation_duration: 1}
$data merge entity $(bone_leftleg) {transformation: [-0.999f,-0.0431f,0.0066f,0.125f,-0.0433f,0.9986f,-0.0304f,0.75f,-0.0053f,-0.0307f,-0.9995f,-0.0087f,0f,0f,0f,1f],start_interpolation: 0,interpolation_duration: 1}
$data merge entity $(bone_rightarm) {transformation: [-0.766f,-0.6428f,0f,-0.375f,0.5727f,-0.6825f,-0.454f,1.3703f,0.2918f,-0.3478f,0.891f,0.0674f,0f,0f,0f,1f],start_interpolation: 0,interpolation_duration: 1}
$data merge entity $(bone_leftarm) {transformation: [-1f,0f,0f,0.375f,0f,0.9772f,0.2122f,1.3703f,0f,0.2122f,-0.9772f,0.0674f,0f,0f,0f,1f],start_interpolation: 0,interpolation_duration: 1}
$data merge entity $(bone_hat) {transformation: [-1f,0f,0f,0f,0f,0.7071f,-0.7071f,1.4944f,0f,-0.7071f,-0.7071f,0.0827f,0f,0f,0f,1f],start_interpolation: 0,interpolation_duration: 1}
$data merge entity $(bone_head) {transformation: [-1f,0f,0f,0f,0f,0.7071f,-0.7071f,1.4944f,0f,-0.7071f,-0.7071f,0.0827f,0f,0f,0f,1f],start_interpolation: 0,interpolation_duration: 1}
$data merge entity $(bone_torso) {transformation: [-1f,0f,0f,0f,0f,0.9925f,0.1219f,0.75f,0f,0.1219f,-0.9925f,-0.0087f,0f,0f,0f,1f],start_interpolation: 0,interpolation_duration: 1}