# This file was generated by Animated Java via MC-Build. It is not recommended to edit this file directly.
$data merge entity $(bone_lower_rightleg) {transformation: [-0.999f,0.0432f,-0.0061f,-0.1411f,0.0432f,0.9991f,0.0001f,0.3756f,0.0061f,-0.0001f,-1f,0.0031f,0f,0f,0f,1f],start_interpolation: 0,interpolation_duration: 1}
$data merge entity $(bone_rightleg) {transformation: [-0.999f,0.043f,-0.0076f,-0.125f,0.0432f,0.9985f,-0.0347f,0.75f,0.0061f,-0.035f,-0.9994f,-0.01f,0f,0f,0f,1f],start_interpolation: 0,interpolation_duration: 1}
$data merge entity $(bone_lower_leftleg) {transformation: [-0.999f,-0.0432f,0.0061f,0.1411f,-0.0432f,0.9991f,0.0001f,0.3756f,-0.0061f,-0.0001f,-1f,0.0031f,0f,0f,0f,1f],start_interpolation: 0,interpolation_duration: 1}
$data merge entity $(bone_leftleg) {transformation: [-0.999f,-0.043f,0.0076f,0.125f,-0.0432f,0.9985f,-0.0347f,0.75f,-0.0061f,-0.035f,-0.9994f,-0.01f,0f,0f,0f,1f],start_interpolation: 0,interpolation_duration: 1}
$data merge entity $(bone_rightarm) {transformation: [-0.766f,-0.6428f,0f,-0.375f,0.5676f,-0.6764f,-0.4695f,1.3689f,0.3018f,-0.3596f,0.8829f,0.077f,0f,0f,0f,1f],start_interpolation: 0,interpolation_duration: 1}
$data merge entity $(bone_leftarm) {transformation: [-1f,0f,0f,0.375f,0f,0.9703f,0.2419f,1.3689f,0f,0.2419f,-0.9703f,0.077f,0f,0f,0f,1f],start_interpolation: 0,interpolation_duration: 1}
$data merge entity $(bone_hat) {transformation: [-1f,0f,0f,0f,0f,0.7071f,-0.7071f,1.4927f,0f,-0.7071f,-0.7071f,0.0944f,0f,0f,0f,1f],start_interpolation: 0,interpolation_duration: 1}
$data merge entity $(bone_head) {transformation: [-1f,0f,0f,0f,0f,0.7071f,-0.7071f,1.4927f,0f,-0.7071f,-0.7071f,0.0944f,0f,0f,0f,1f],start_interpolation: 0,interpolation_duration: 1}
$data merge entity $(bone_torso) {transformation: [-1f,0f,0f,0f,0f,0.9903f,0.1392f,0.75f,0f,0.1392f,-0.9903f,-0.01f,0f,0f,0f,1f],start_interpolation: 0,interpolation_duration: 1}