# This file was generated by Animated Java via MC-Build. It is not recommended to edit this file directly.
$data merge entity $(bone_lower_rightleg) {transformation: [-1f,0f,0f,-0.125f,0f,1f,0f,0.3817f,0f,0f,-1f,0.0843f,0f,0f,0f,1f],start_interpolation: 0,interpolation_duration: 1}
$data merge entity $(bone_rightleg) {transformation: [-1f,0f,0f,-0.125f,0f,0.9667f,-0.256f,0.7442f,0f,-0.256f,-0.9667f,-0.0117f,0f,0f,0f,1f],start_interpolation: 0,interpolation_duration: 1}
$data merge entity $(bone_lower_leftleg) {transformation: [-1f,0f,0f,0.125f,0f,1f,0f,0.3817f,0f,0f,-1f,0.0843f,0f,0f,0f,1f],start_interpolation: 0,interpolation_duration: 1}
$data merge entity $(bone_leftleg) {transformation: [-1f,0f,0f,0.125f,0f,0.9667f,-0.256f,0.7442f,0f,-0.256f,-0.9667f,-0.0117f,0f,0f,0f,1f],start_interpolation: 0,interpolation_duration: 1}
$data merge entity $(item_display_item_display) {transformation: [0.0466f,0.0736f,0.9962f,-0.2859f,0.7031f,0.706f,-0.0851f,0.86f,-0.7096f,0.7044f,-0.0189f,0.4324f,0f,0f,0f,1f],start_interpolation: 0,interpolation_duration: 1}
$data merge entity $(bone_rightarm) {transformation: [-0.9962f,0.0466f,-0.0736f,-0.375f,0.0851f,0.7031f,-0.706f,1.3544f,0.0189f,-0.7096f,-0.7044f,0.1236f,0f,0f,0f,1f],start_interpolation: 0,interpolation_duration: 1}
$data merge entity $(bone_leftarm) {transformation: [-1f,0f,0f,0.375f,0f,0.0987f,-0.9951f,1.3544f,0f,-0.9951f,-0.0987f,0.1236f,0f,0f,0f,1f],start_interpolation: 0,interpolation_duration: 1}
$data merge entity $(bone_hat) {transformation: [-1f,0f,0f,0f,0f,1f,0f,1.4764f,0f,0f,-1f,0.1507f,0f,0f,0f,1f],start_interpolation: 0,interpolation_duration: 1}
$data merge entity $(bone_head) {transformation: [-1f,0f,0f,0f,0f,1f,0f,1.4764f,0f,0f,-1f,0.1507f,0f,0f,0f,1f],start_interpolation: 0,interpolation_duration: 1}
$data merge entity $(bone_torso) {transformation: [-1f,0f,0f,0f,0f,0.9763f,0.2164f,0.7442f,0f,0.2164f,-0.9763f,-0.0117f,0f,0f,0f,1f],start_interpolation: 0,interpolation_duration: 1}
data modify entity @s data merge value {"cameras":{},"locators":{"locator":{"px":2.1308410630354237e-17,"py":0.011944661326716677,"pz":-0.17399637712024382,"ry":0,"rx":12.5}}}