# This file was generated by Animated Java via MC-Build. It is not recommended to edit this file directly.
$data merge entity $(bone_lower_rightleg) {transformation: [-1f,0f,0f,-0.125f,0f,1f,0f,0.3832f,0f,0f,-1f,0.0821f,0f,0f,0f,1f],start_interpolation: 0,interpolation_duration: 1}
$data merge entity $(bone_rightleg) {transformation: [-1f,0f,0f,-0.125f,0f,0.9737f,-0.2278f,0.7483f,0f,-0.2278f,-0.9737f,-0.0033f,0f,0f,0f,1f],start_interpolation: 0,interpolation_duration: 1}
$data merge entity $(bone_lower_leftleg) {transformation: [-1f,0f,0f,0.125f,0f,1f,0f,0.3832f,0f,0f,-1f,0.0821f,0f,0f,0f,1f],start_interpolation: 0,interpolation_duration: 1}
$data merge entity $(bone_leftleg) {transformation: [-1f,0f,0f,0.125f,0f,0.9737f,-0.2278f,0.7483f,0f,-0.2278f,-0.9737f,-0.0033f,0f,0f,0f,1f],start_interpolation: 0,interpolation_duration: 1}
$data merge entity $(item_display_item_display) {transformation: [0.0445f,0.075f,0.9962f,-0.2849f,0.6822f,0.7262f,-0.0851f,0.8734f,-0.7298f,0.6834f,-0.0189f,0.4547f,0f,0f,0f,1f],start_interpolation: 0,interpolation_duration: 1}
$data merge entity $(bone_rightarm) {transformation: [-0.9962f,0.0445f,-0.075f,-0.375f,0.0851f,0.6822f,-0.7262f,1.3585f,0.0189f,-0.7298f,-0.6834f,0.1319f,0f,0f,0f,1f],start_interpolation: 0,interpolation_duration: 1}
$data merge entity $(bone_leftarm) {transformation: [-1f,0f,0f,0.375f,0f,-0.0029f,-1f,1.3585f,0f,-1f,0.0029f,0.1319f,0f,0f,0f,1f],start_interpolation: 0,interpolation_duration: 1}
$data merge entity $(bone_hat) {transformation: [-1f,0f,0f,0f,0f,1f,0f,1.4806f,0f,0f,-1f,0.159f,0f,0f,0f,1f],start_interpolation: 0,interpolation_duration: 1}
$data merge entity $(bone_head) {transformation: [-1f,0f,0f,0f,0f,1f,0f,1.4806f,0f,0f,-1f,0.159f,0f,0f,0f,1f],start_interpolation: 0,interpolation_duration: 1}
$data merge entity $(bone_torso) {transformation: [-1f,0f,0f,0f,0f,0.9763f,0.2164f,0.7483f,0f,0.2164f,-0.9763f,-0.0033f,0f,0f,0f,1f],start_interpolation: 0,interpolation_duration: 1}
data modify entity @s data merge value {"cameras":{},"locators":{"locator":{"px":2.0287871631064776e-17,"py":0.01611132799338333,"pz":-0.1656630437869105,"ry":0,"rx":12.5}}}