# This file was generated by Animated Java via MC-Build. It is not recommended to edit this file directly.
$data merge entity $(item_display_item_display) {transformation: [0.0409f,-0.0017f,0.9992f,-0.2729f,-0.9537f,0.2981f,0.0395f,1.4829f,-0.2979f,-0.9545f,0.0106f,0.45f,0f,0f,0f,1f],start_interpolation: 0,interpolation_duration: 1}
$data merge entity $(bone_rightarm) {transformation: [-0.9992f,0.0409f,0.0017f,-0.375f,-0.0395f,-0.9537f,-0.2981f,0.9787f,-0.0106f,-0.2979f,0.9545f,0.1618f,0f,0f,0f,1f],start_interpolation: 0,interpolation_duration: 1}
$data merge entity $(bone_leftarm) {transformation: [-0.9992f,-0.0409f,-0.0017f,0.375f,0.0395f,-0.9537f,-0.2981f,0.9787f,0.0106f,-0.2979f,0.9545f,0.1618f,0f,0f,0f,1f],start_interpolation: 0,interpolation_duration: 1}
$data merge entity $(bone_hat) {transformation: [-1f,0f,0f,0f,0f,0.932f,0.3624f,1.0994f,0f,0.3624f,-0.932f,0.1941f,0f,0f,0f,1f],start_interpolation: 0,interpolation_duration: 1}
$data merge entity $(bone_head) {transformation: [-1f,0f,0f,0f,0f,0.932f,0.3624f,1.0994f,0f,0.3624f,-0.932f,0.1941f,0f,0f,0f,1f],start_interpolation: 0,interpolation_duration: 1}