# This file was generated by Animated Java via MC-Build. It is not recommended to edit this file directly.
$data merge entity $(item_display_item_display) {transformation: [0.1294f,-0.017f,0.9914f,-0.3217f,-0.9157f,0.3816f,0.1261f,1.4618f,-0.3805f,-0.9242f,0.0338f,0.4955f,0f,0f,0f,1f],start_interpolation: 0,interpolation_duration: 1}
$data merge entity $(bone_rightarm) {transformation: [-0.9914f,0.1294f,0.017f,-0.375f,-0.1261f,-0.9157f,-0.3816f,0.9787f,-0.0338f,-0.3805f,0.9242f,0.1618f,0f,0f,0f,1f],start_interpolation: 0,interpolation_duration: 1}
$data merge entity $(bone_leftarm) {transformation: [-0.9914f,-0.1294f,-0.017f,0.375f,0.1261f,-0.9157f,-0.3816f,0.9787f,0.0338f,-0.3805f,0.9242f,0.1618f,0f,0f,0f,1f],start_interpolation: 0,interpolation_duration: 1}
$data merge entity $(bone_hat) {transformation: [-1f,0f,0f,0f,0f,0.9962f,0.0872f,1.0994f,0f,0.0872f,-0.9962f,0.1941f,0f,0f,0f,1f],start_interpolation: 0,interpolation_duration: 1}
$data merge entity $(bone_head) {transformation: [-1f,0f,0f,0f,0f,0.9962f,0.0872f,1.0994f,0f,0.0872f,-0.9962f,0.1941f,0f,0f,0f,1f],start_interpolation: 0,interpolation_duration: 1}