# This file was generated by Animated Java via MC-Build. It is not recommended to edit this file directly.
$data merge entity $(bone_lowerrightleg) {transformation: [-1f,0f,0f,-0.125f,0f,0.9848f,0.1736f,0.3764f,0f,0.1736f,-0.9848f,0.0327f,0f,0f,0f,1f],start_interpolation: 0,interpolation_duration: 1}
$data merge entity $(bone_rightleg) {transformation: [-1f,0f,0f,-0.125f,0f,0.9962f,-0.0872f,0.75f,0f,-0.0872f,-0.9962f,0f,0f,0f,0f,1f],start_interpolation: 0,interpolation_duration: 1}
$data merge entity $(bone_lowerleftleg) {transformation: [-1f,0f,0f,0.125f,0f,0.9848f,0.1736f,0.3764f,0f,0.1736f,-0.9848f,0.0327f,0f,0f,0f,1f],start_interpolation: 0,interpolation_duration: 1}
$data merge entity $(bone_leftleg) {transformation: [-1f,0f,0f,0.125f,0f,0.9962f,-0.0872f,0.75f,0f,-0.0872f,-0.9962f,0f,0f,0f,0f,1f],start_interpolation: 0,interpolation_duration: 1}
$data merge entity $(block_display_tingle_pen) {transformation: [-0.4655f,-0.0759f,0.1786f,-0.0164f,-0.0664f,-0.8408f,-0.2624f,1.2556f,0.1701f,-0.5361f,0.3863f,0.6587f,0f,0f,0f,1f],start_interpolation: 0,interpolation_duration: 1}
$data merge entity $(bone_rightarm) {transformation: [-0.9309f,-0.3572f,-0.0759f,-0.375f,-0.1328f,0.5249f,-0.8408f,1.2288f,0.3401f,-0.7726f,-0.5361f,0.4017f,0f,0f,0f,1f],start_interpolation: 0,interpolation_duration: 1}
$data merge entity $(item_display_tingle_book) {transformation: [-0.4769f,-0.0647f,-0.1354f,-0.0214f,-0.1431f,0.0599f,0.4753f,0.7489f,-0.0453f,0.4922f,-0.0756f,0.7255f,0f,0f,0f,1f],start_interpolation: 0,interpolation_duration: 1}
$data merge entity $(bone_leftarm) {transformation: [-0.866f,0.483f,0.1294f,0.375f,0.4698f,0.8746f,-0.1197f,1.2288f,-0.171f,-0.0429f,-0.9843f,0.4017f,0f,0f,0f,1f],start_interpolation: 0,interpolation_duration: 1}
$data merge entity $(bone_head) {transformation: [-1f,0f,0f,0f,0f,0.5736f,0.8192f,1.3245f,0f,0.8192f,-0.5736f,0.4821f,0f,0f,0f,1f],start_interpolation: 0,interpolation_duration: 1}
$data merge entity $(item_display_tingles_pack) {transformation: [-0.5f,0f,0f,0f,0f,0.383f,0.1607f,1.2937f,0f,0.3214f,-0.1915f,0.1299f,0f,0f,0f,1f],start_interpolation: 0,interpolation_duration: 1}
$data merge entity $(item_display_tingles_ballon_small) {transformation: [-1f,0f,0f,0f,0f,-1f,0f,2.1418f,0f,0f,1f,0.1888f,0f,0f,0f,1f],start_interpolation: 0,interpolation_duration: 1}
$data merge entity $(item_display_tingles_ballon_big) {transformation: [-2f,0f,0f,0f,0f,-2f,0f,3.2741f,0f,0f,2f,0.2006f,0f,0f,0f,1f],start_interpolation: 0,interpolation_duration: 1}
$data merge entity $(bone_torso) {transformation: [-1f,0f,0f,0f,0f,0.766f,0.6428f,0.75f,0f,0.6428f,-0.766f,0f,0f,0f,0f,1f],start_interpolation: 0,interpolation_duration: 1}
data modify entity @s data merge value {"cameras":{},"locators":{"sounds":{"px":0,"py":0,"pz":0,"ry":0,"rx":0}}}