# This file was generated by Animated Java via MC-Build. It is not recommended to edit this file directly.
$data merge entity $(bone_lowerrightleg) {transformation: [-1f,0f,0f,-0.125f,0f,0.9416f,0.3366f,0.3766f,0f,0.3366f,-0.9416f,0.0348f,0f,0f,0f,1f],start_interpolation: 0,interpolation_duration: 1}
$data merge entity $(bone_rightleg) {transformation: [-1f,0f,0f,-0.125f,0f,0.9957f,-0.0929f,0.75f,0f,-0.0929f,-0.9957f,0f,0f,0f,0f,1f],start_interpolation: 0,interpolation_duration: 1}
$data merge entity $(bone_lowerleftleg) {transformation: [-1f,0f,0f,0.125f,0f,0.9339f,-0.3576f,0.4128f,0f,-0.3576f,-0.9339f,0.1641f,0f,0f,0f,1f],start_interpolation: 0,interpolation_duration: 1}
$data merge entity $(bone_leftleg) {transformation: [-1f,0f,0f,0.125f,0f,0.8992f,-0.4376f,0.75f,0f,-0.4376f,-0.8992f,0f,0f,0f,0f,1f],start_interpolation: 0,interpolation_duration: 1}
$data merge entity $(block_display_tingle_pen) {transformation: [-0.4914f,-0.0775f,0.0837f,-0.0624f,-0.0033f,-0.8923f,-0.2257f,1.2939f,0.0922f,-0.4447f,0.4382f,0.6639f,0f,0f,0f,1f],start_interpolation: 0,interpolation_duration: 1}
$data merge entity $(bone_rightarm) {transformation: [-0.9828f,-0.1675f,-0.0775f,-0.375f,-0.0066f,0.4513f,-0.8923f,1.2659f,0.1844f,-0.8765f,-0.4447f,0.3527f,0f,0f,0f,1f],start_interpolation: 0,interpolation_duration: 1}
$data merge entity $(item_display_tingle_book) {transformation: [-0.4788f,-0.0541f,-0.1336f,-0.018f,-0.1432f,0.1267f,0.462f,0.8384f,-0.0161f,0.4806f,-0.1369f,0.7463f,0f,0f,0f,1f],start_interpolation: 0,interpolation_duration: 1}
$data merge entity $(bone_leftarm) {transformation: [-0.866f,0.4881f,0.1082f,0.375f,0.4508f,0.8559f,-0.2535f,1.2659f,-0.2164f,-0.1707f,-0.9613f,0.3527f,0f,0f,0f,1f],start_interpolation: 0,interpolation_duration: 1}
$data merge entity $(bone_head) {transformation: [-1f,0f,0f,0f,0f,0.715f,0.6992f,1.3691f,0f,0.6992f,-0.715f,0.4233f,0f,0f,0f,1f],start_interpolation: 0,interpolation_duration: 1}
$data merge entity $(item_display_tingles_pack) {transformation: [-0.5f,0f,0f,0f,0f,0.4128f,0.1411f,1.3039f,0f,0.2822f,-0.2064f,0.0758f,0f,0f,0f,1f],start_interpolation: 0,interpolation_duration: 1}
$data merge entity $(item_display_tingles_ballon_small) {transformation: [0f,0f,0f,0f,0f,0f,0f,2.1536f,0f,0f,0f,0.0511f,0f,0f,0f,1f],start_interpolation: 0,interpolation_duration: 1}
$data merge entity $(item_display_tingles_ballon_big) {transformation: [0f,0f,0f,0f,0f,0f,0f,2.9694f,0f,0f,0f,-0.0347f,0f,0f,0f,1f],start_interpolation: 0,interpolation_duration: 1}
$data merge entity $(bone_torso) {transformation: [-1f,0f,0f,0f,0f,0.8255f,0.5644f,0.75f,0f,0.5644f,-0.8255f,0f,0f,0f,0f,1f],start_interpolation: 0,interpolation_duration: 1}