# This file was generated by Animated Java via MC-Build. It is not recommended to edit this file directly.
$data merge entity $(bone_lowerrightleg) {transformation: [-1f,0f,0f,-0.125f,0f,0.9748f,0.2233f,0.3765f,0f,0.2233f,-0.9748f,0.0333f,0f,0f,0f,1f],start_interpolation: 0,interpolation_duration: 1}
$data merge entity $(bone_rightleg) {transformation: [-1f,0f,0f,-0.125f,0f,0.996f,-0.0889f,0.75f,0f,-0.0889f,-0.996f,0f,0f,0f,0f,1f],start_interpolation: 0,interpolation_duration: 1}
$data merge entity $(bone_lowerleftleg) {transformation: [-1f,0f,0f,0.125f,0f,0.9999f,0.0125f,0.3823f,0f,0.0125f,-0.9999f,0.0734f,0f,0f,0f,1f],start_interpolation: 0,interpolation_duration: 1}
$data merge entity $(bone_leftleg) {transformation: [-1f,0f,0f,0.125f,0f,0.9807f,-0.1957f,0.75f,0f,-0.1957f,-0.9807f,0f,0f,0f,0f,1f],start_interpolation: 0,interpolation_duration: 1}
$data merge entity $(block_display_tingle_pen) {transformation: [-0.4676f,-0.0758f,0.1729f,-0.0189f,-0.0583f,-0.8561f,-0.2517f,1.2728f,0.1671f,-0.5112f,0.3959f,0.6472f,0f,0f,0f,1f],start_interpolation: 0,interpolation_duration: 1}
$data merge entity $(bone_rightarm) {transformation: [-0.9353f,-0.3457f,-0.0758f,-0.375f,-0.1167f,0.5034f,-0.8561f,1.2404f,0.3341f,-0.7918f,-0.5112f,0.3874f,0f,0f,0f,1f],start_interpolation: 0,interpolation_duration: 1}
$data merge entity $(item_display_tingle_book) {transformation: [-0.4775f,-0.0615f,-0.1348f,-0.0205f,-0.1437f,0.0801f,0.4722f,0.7752f,-0.0365f,0.4897f,-0.0942f,0.7329f,0f,0f,0f,1f],start_interpolation: 0,interpolation_duration: 1}
$data merge entity $(bone_leftarm) {transformation: [-0.866f,0.4846f,0.1231f,0.375f,0.4646f,0.8709f,-0.1602f,1.2404f,-0.1848f,-0.0815f,-0.9794f,0.3874f,0f,0f,0f,1f],start_interpolation: 0,interpolation_duration: 1}
$data merge entity $(bone_misc_head_items) {transformation: [-1f,0f,0f,0f,0f,0.6056f,0.7958f,1.3385f,0f,0.7958f,-0.6056f,0.4649f,0f,0f,0f,1f],start_interpolation: 0,interpolation_duration: 1}
$data merge entity $(bone_head) {transformation: [-1f,0f,0f,0f,0f,0.6056f,0.7958f,1.3385f,0f,0.7958f,-0.6056f,0.4649f,0f,0f,0f,1f],start_interpolation: 0,interpolation_duration: 1}
$data merge entity $(item_display_tingles_pack) {transformation: [-0.5f,0f,0f,0f,0f,0.3923f,0.155f,1.2973f,0f,0.3099f,-0.1962f,0.1138f,0f,0f,0f,1f],start_interpolation: 0,interpolation_duration: 1}
$data merge entity $(item_display_tingles_ballon_small) {transformation: [0f,0f,0f,0f,0f,0f,0f,2.1467f,0f,0f,0f,0.1476f,0f,0f,0f,1f],start_interpolation: 0,interpolation_duration: 1}
$data merge entity $(item_display_tingles_ballon_big) {transformation: [0f,0f,0f,0f,0f,0f,0f,2.9665f,0f,0f,0f,0.1182f,0f,0f,0f,1f],start_interpolation: 0,interpolation_duration: 1}
$data merge entity $(bone_torso) {transformation: [-1f,0f,0f,0f,0f,0.7847f,0.6199f,0.75f,0f,0.6199f,-0.7847f,0f,0f,0f,0f,1f],start_interpolation: 0,interpolation_duration: 1}