# This file was generated by Animated Java via MC-Build. It is not recommended to edit this file directly.
$data merge entity $(bone_lowerrightleg) {transformation: [-0.9982f,0.0569f,0.0188f,-0.147f,0.0599f,0.9389f,0.339f,0.3829f,0.0017f,0.3395f,-0.9406f,0.0621f,0f,0f,0f,1f],start_interpolation: 0,interpolation_duration: 1}
$data merge entity $(bone_rightleg) {transformation: [-0.9982f,0.0588f,-0.0116f,-0.125f,0.0599f,0.9844f,-0.1651f,0.752f,0.0017f,-0.1655f,-0.9862f,0f,0f,0f,0f,1f],start_interpolation: 0,interpolation_duration: 1}
$data merge entity $(bone_lowerleftleg) {transformation: [-0.9996f,-0.0249f,0.0112f,0.1343f,-0.0272f,0.9346f,-0.3545f,0.3989f,-0.0017f,-0.3547f,-0.935f,0.1368f,0f,0f,0f,1f],start_interpolation: 0,interpolation_duration: 1}
$data merge entity $(bone_leftleg) {transformation: [-0.9996f,-0.0248f,0.0115f,0.125f,-0.0272f,0.9307f,-0.3647f,0.748f,-0.0017f,-0.3649f,-0.931f,0f,0f,0f,0f,1f],start_interpolation: 0,interpolation_duration: 1}
$data merge entity $(block_display_tingle_pen) {transformation: [-0.3533f,-0.5097f,-0.2454f,-0.2464f,0.3438f,-0.3303f,-0.3234f,1.0411f,0.0837f,-0.7944f,0.2919f,0.4741f,0f,0f,0f,1f],start_interpolation: 0,interpolation_duration: 1}
$data merge entity $(bone_rightarm) {transformation: [-0.7066f,0.4909f,-0.5097f,-0.3652f,0.6875f,0.6467f,-0.3303f,1.3532f,0.1675f,-0.5838f,-0.7944f,0.1846f,0f,0f,0f,1f],start_interpolation: 0,interpolation_duration: 1}
$data merge entity $(item_display_tingle_book) {transformation: [-0.1332f,-0.1906f,-0.4426f,0.4882f,-0.4726f,-0.0382f,0.1587f,0.7313f,-0.0943f,0.4607f,-0.17f,0.516f,0f,0f,0f,1f],start_interpolation: 0,interpolation_duration: 1}
$data merge entity $(bone_leftarm) {transformation: [-0.8144f,-0.4375f,0.3812f,0.3847f,-0.4439f,0.8928f,0.0764f,1.3409f,-0.3738f,-0.107f,-0.9213f,0.1846f,0f,0f,0f,1f],start_interpolation: 0,interpolation_duration: 1}
$data merge entity $(bone_misc_head_items) {transformation: [-0.9999f,0.016f,0.0036f,0.0117f,0.0164f,0.975f,0.2214f,1.4664f,0f,0.2215f,-0.9752f,0.2215f,0f,0f,0f,1f],start_interpolation: 0,interpolation_duration: 1}
$data merge entity $(bone_head) {transformation: [-0.9999f,0.016f,0.0036f,0.0117f,0.0164f,0.975f,0.2214f,1.4664f,0f,0.2215f,-0.9752f,0.2215f,0f,0f,0f,1f],start_interpolation: 0,interpolation_duration: 1}
$data merge entity $(item_display_tingles_pack) {transformation: [-0.4999f,0.0078f,0.0012f,0.009f,0.0082f,0.4776f,0.0738f,1.3015f,0f,0.1477f,-0.2388f,-0.0912f,0f,0f,0f,1f],start_interpolation: 0,interpolation_duration: 1}
$data merge entity $(item_display_tingles_ballon_small) {transformation: [0f,0f,0f,0.0222f,0f,0f,0f,2.1059f,0f,0f,0f,-0.3658f,0f,0f,0f,1f],start_interpolation: 0,interpolation_duration: 1}
$data merge entity $(item_display_tingles_ballon_big) {transformation: [0f,0f,0f,0.0345f,0f,0f,0f,2.8598f,0f,0f,0f,-0.6887f,0f,0f,0f,1f],start_interpolation: 0,interpolation_duration: 1}
$data merge entity $(bone_torso) {transformation: [-0.9999f,0.0156f,0.0048f,0f,0.0164f,0.9553f,0.2953f,0.75f,0f,0.2954f,-0.9554f,0f,0f,0f,0f,1f],start_interpolation: 0,interpolation_duration: 1}