# This file was generated by Animated Java via MC-Build. It is not recommended to edit this file directly.
$data merge entity $(bone_lowerrightleg) {transformation: [-0.9961f,0.0794f,0.0372f,-0.1577f,0.0872f,0.9434f,0.3201f,0.3874f,-0.0097f,0.3221f,-0.9467f,0.0799f,0f,0f,0f,1f],start_interpolation: 0,interpolation_duration: 1}
$data merge entity $(bone_rightleg) {transformation: [-0.9961f,0.0872f,-0.0091f,-0.125f,0.0872f,0.9731f,-0.2131f,0.7523f,-0.0097f,-0.2131f,-0.977f,0f,0f,0f,0f,1f],start_interpolation: 0,interpolation_duration: 1}
$data merge entity $(bone_lowerleftleg) {transformation: [-0.9987f,-0.0508f,0.0076f,0.1441f,-0.0504f,0.9422f,-0.3313f,0.3921f,0.0097f,-0.3312f,-0.9435f,0.1174f,0f,0f,0f,1f],start_interpolation: 0,interpolation_duration: 1}
$data merge entity $(bone_leftleg) {transformation: [-0.9987f,-0.0509f,0.0066f,0.125f,-0.0504f,0.9483f,-0.3132f,0.7477f,0.0097f,-0.3132f,-0.9496f,0f,0f,0f,0f,1f],start_interpolation: 0,interpolation_duration: 1}
$data merge entity $(block_display_tingle_pen) {transformation: [-0.1679f,-0.3119f,-0.4444f,-0.4988f,0.4684f,-0.0127f,-0.1748f,1.0361f,0.0488f,-0.95f,0.1482f,0.3223f,0f,0f,0f,1f],start_interpolation: 0,interpolation_duration: 1}
$data merge entity $(bone_rightarm) {transformation: [-0.3358f,0.8888f,-0.3119f,-0.3635f,0.9368f,0.3495f,-0.0127f,1.3772f,0.0977f,-0.2964f,-0.95f,0.0759f,0f,0f,0f,1f],start_interpolation: 0,interpolation_duration: 1}
$data merge entity $(item_display_tingle_book) {transformation: [0.1593f,-0.0903f,-0.4653f,0.855f,-0.4726f,-0.0665f,-0.149f,0.9808f,-0.035f,0.4873f,-0.1065f,0.4312f,0f,0f,0f,1f],start_interpolation: 0,interpolation_duration: 1}
$data merge entity $(bone_leftarm) {transformation: [-0.4326f,-0.8833f,0.1805f,0.3864f,-0.8791f,0.4578f,0.133f,1.3634f,-0.2001f,-0.1012f,-0.9745f,0.0759f,0f,0f,0f,1f],start_interpolation: 0,interpolation_duration: 1}
$data merge entity $(bone_misc_head_items) {transformation: [-0.9998f,0.0183f,0.0021f,0.0137f,0.0184f,0.9933f,0.1139f,1.4943f,0f,0.1139f,-0.9935f,0.0911f,0f,0f,0f,1f],start_interpolation: 0,interpolation_duration: 1}
$data merge entity $(bone_head) {transformation: [-0.9998f,0.0183f,0.0021f,0.0137f,0.0184f,0.9933f,0.1139f,1.4943f,0f,0.1139f,-0.9935f,0.0911f,0f,0f,0f,1f],start_interpolation: 0,interpolation_duration: 1}
$data merge entity $(item_display_tingles_pack) {transformation: [-0.4999f,0.0091f,0.0006f,0.0097f,0.0092f,0.4962f,0.0304f,1.2766f,0f,0.0608f,-0.2481f,-0.1874f,0f,0f,0f,1f],start_interpolation: 0,interpolation_duration: 1}
$data merge entity $(item_display_tingles_ballon_small) {transformation: [0f,0f,0f,0.0234f,0f,0f,0f,2.0196f,0f,0f,0f,-0.6001f,0f,0f,0f,1f],start_interpolation: 0,interpolation_duration: 1}
$data merge entity $(item_display_tingles_ballon_big) {transformation: [0f,0f,0f,0.036f,0f,0f,0f,2.7044f,0f,0f,0f,-1.0515f,0f,0f,0f,1f],start_interpolation: 0,interpolation_duration: 1}
$data merge entity $(bone_torso) {transformation: [-0.9998f,0.0183f,0.0022f,0f,0.0184f,0.9924f,0.1215f,0.75f,0f,0.1215f,-0.9926f,0f,0f,0f,0f,1f],start_interpolation: 0,interpolation_duration: 1}