# This file was generated by Animated Java via MC-Build. It is not recommended to edit this file directly.
$data merge entity $(bone_lowerrightleg) {transformation: [-0.9962f,0.0755f,0.0436f,-0.1577f,0.0842f,0.9627f,0.257f,0.3892f,-0.0226f,0.2597f,-0.9654f,0.0967f,0f,0f,0f,1f],start_interpolation: 0,interpolation_duration: 1}
$data merge entity $(bone_rightleg) {transformation: [-0.9962f,0.0872f,0f,-0.125f,0.0842f,0.9623f,-0.2588f,0.75f,-0.0226f,-0.2578f,-0.9659f,0f,0f,0f,0f,1f],start_interpolation: 0,interpolation_duration: 1}
$data merge entity $(bone_lowerleftleg) {transformation: [-0.9962f,-0.0872f,0f,0.1577f,-0.0842f,0.9623f,-0.2588f,0.3892f,0.0226f,-0.2578f,-0.9659f,0.0967f,0f,0f,0f,1f],start_interpolation: 0,interpolation_duration: 1}
$data merge entity $(bone_leftleg) {transformation: [-0.9962f,-0.0872f,0f,0.125f,-0.0842f,0.9623f,-0.2588f,0.75f,0.0226f,-0.2578f,-0.9659f,0f,0f,0f,0f,1f],start_interpolation: 0,interpolation_duration: 1}
$data merge entity $(block_display_tingle_pen) {transformation: [0f,0f,-0.5f,-0.6875f,0.5f,0f,0f,1.125f,0f,-1f,0f,0.1875f,0f,0f,0f,1f],start_interpolation: 0,interpolation_duration: 1}
$data merge entity $(bone_rightarm) {transformation: [0f,1f,0f,-0.375f,1f,0f,0f,1.375f,0f,0f,-1f,0f,0f,0f,0f,1f],start_interpolation: 0,interpolation_duration: 1}
$data merge entity $(item_display_tingle_book) {transformation: [0.3536f,0f,-0.3536f,1f,-0.3536f,0f,-0.3536f,1.3125f,0f,0.5f,0f,0.3125f,0f,0f,0f,1f],start_interpolation: 0,interpolation_duration: 1}
$data merge entity $(bone_leftarm) {transformation: [0f,-1f,0f,0.375f,-1f,0f,0f,1.375f,0f,0f,-1f,0f,0f,0f,0f,1f],start_interpolation: 0,interpolation_duration: 1}
$data merge entity $(bone_head) {transformation: [-1f,0f,0f,0f,0f,1f,0f,1.5f,0f,0f,-1f,0f,0f,0f,0f,1f],start_interpolation: 0,interpolation_duration: 1}
$data merge entity $(item_display_tingles_pack) {transformation: [-0.5f,0f,0f,0f,0f,0.5f,0f,1.25f,0f,0f,-0.25f,-0.25f,0f,0f,0f,1f],start_interpolation: 0,interpolation_duration: 1}
$data merge entity $(item_display_tingles_ballon_small) {transformation: [0f,0f,0f,0f,0f,0f,0f,1.9375f,0f,0f,0f,-0.75f,0f,0f,0f,1f],start_interpolation: 0,interpolation_duration: 1}
$data merge entity $(item_display_tingles_ballon_big) {transformation: [0f,0f,0f,0f,0f,0f,0f,2.5625f,0f,0f,0f,-1.2812f,0f,0f,0f,1f],start_interpolation: 0,interpolation_duration: 1}
$data merge entity $(bone_torso) {transformation: [-1f,0f,0f,0f,0f,1f,0f,0.75f,0f,0f,-1f,0f,0f,0f,0f,1f],start_interpolation: 0,interpolation_duration: 1}