# This file was generated by Animated Java via MC-Build. It is not recommended to edit this file directly.
$data merge entity $(bone_lowerrightleg) {transformation: [-0.9986f,0.0479f,0.0211f,-0.1442f,0.0446f,0.9897f,-0.1364f,0.3954f,-0.0274f,-0.1353f,-0.9904f,0.1356f,0f,0f,0f,1f],start_interpolation: 0,interpolation_duration: 1}
$data merge entity $(bone_rightleg) {transformation: [-0.9986f,0.0515f,0.0094f,-0.1249f,0.0446f,0.9309f,-0.3626f,0.7445f,-0.0274f,-0.3617f,-0.9319f,0f,0f,0f,0f,1f],start_interpolation: 0,interpolation_duration: 1}
$data merge entity $(bone_lowerleftleg) {transformation: [-0.9909f,-0.1249f,-0.0512f,0.1752f,-0.1321f,0.9747f,0.1805f,0.3859f,0.0274f,0.1856f,-0.9822f,0.0383f,0f,0f,0f,1f],start_interpolation: 0,interpolation_duration: 1}
$data merge entity $(bone_leftleg) {transformation: [-0.9909f,-0.1343f,-0.0135f,0.1249f,-0.1321f,0.9857f,-0.1049f,0.7555f,0.0274f,-0.1021f,-0.9944f,0f,0f,0f,0f,1f],start_interpolation: 0,interpolation_duration: 1}
$data merge entity $(block_display_tingle_pen) {transformation: [0.2361f,0.0976f,-0.438f,-0.8122f,0.4405f,-0.0839f,0.2328f,1.2984f,-0.014f,-0.9917f,-0.0628f,0.1297f,0f,0f,0f,1f],start_interpolation: 0,interpolation_duration: 1}
$data merge entity $(bone_rightarm) {transformation: [0.4723f,0.876f,0.0976f,-0.4021f,0.881f,-0.4656f,-0.0839f,1.3574f,-0.028f,0.1256f,-0.9917f,-0.024f,0f,0f,0f,1f],start_interpolation: 0,interpolation_duration: 1}
$data merge entity $(item_display_tingle_book) {transformation: [0.4914f,0.0109f,-0.0915f,0.9046f,-0.0921f,0.0442f,-0.4895f,1.7178f,-0.0026f,0.4979f,0.0454f,0.2485f,0f,0f,0f,1f],start_interpolation: 0,interpolation_duration: 1}
$data merge entity $(bone_leftarm) {transformation: [0.5656f,-0.8244f,-0.0219f,0.3472f,-0.8225f,-0.5619f,-0.0883f,1.3904f,0.0605f,0.068f,-0.9959f,-0.024f,0f,0f,0f,1f],start_interpolation: 0,interpolation_duration: 1}
$data merge entity $(bone_misc_head_items) {transformation: [-0.999f,-0.0418f,0.0137f,-0.033f,-0.044f,0.949f,-0.3121f,1.4987f,0f,-0.3124f,-0.95f,-0.0288f,0f,0f,0f,1f],start_interpolation: 0,interpolation_duration: 1}
$data merge entity $(bone_head) {transformation: [-0.999f,-0.0418f,0.0137f,-0.033f,-0.044f,0.949f,-0.3121f,1.4987f,0f,-0.3124f,-0.95f,-0.0288f,0f,0f,0f,1f],start_interpolation: 0,interpolation_duration: 1}
$data merge entity $(item_display_tingles_pack) {transformation: [-0.4995f,-0.022f,0.0004f,-0.0215f,-0.022f,0.4991f,-0.0096f,1.2396f,0f,-0.0192f,-0.2498f,-0.269f,0f,0f,0f,1f],start_interpolation: 0,interpolation_duration: 1}
$data merge entity $(item_display_tingles_ballon_small) {transformation: [0f,0f,0f,-0.0509f,0f,0f,0f,1.9067f,0f,0f,0f,-0.795f,0f,0f,0f,1f],start_interpolation: 0,interpolation_duration: 1}
$data merge entity $(item_display_tingles_ballon_big) {transformation: [0f,0f,0f,-0.0775f,0f,0f,0f,2.5103f,0f,0f,0f,-1.3499f,0f,0f,0f,1f],start_interpolation: 0,interpolation_duration: 1}
$data merge entity $(bone_torso) {transformation: [-0.999f,-0.0439f,0.0017f,0f,-0.044f,0.9983f,-0.0383f,0.75f,0f,-0.0384f,-0.9993f,0f,0f,0f,0f,1f],start_interpolation: 0,interpolation_duration: 1}