# This file was generated by Animated Java via MC-Build. It is not recommended to edit this file directly.
$data merge entity $(bone_lowerrightleg) {transformation: [-0.9993f,-0.0126f,0.036f,-0.1195f,-0.0277f,0.8877f,-0.4596f,0.4033f,-0.0262f,-0.4602f,-0.8874f,0.1726f,0f,0f,0f,1f],start_interpolation: 0,interpolation_duration: 1}
$data merge entity $(bone_rightleg) {transformation: [-0.9993f,-0.0126f,0.036f,-0.1242f,-0.0277f,0.8877f,-0.4596f,0.7362f,-0.0262f,-0.4602f,-0.8874f,0f,0f,0f,0f,1f],start_interpolation: 0,interpolation_duration: 1}
$data merge entity $(bone_lowerleftleg) {transformation: [-0.9809f,-0.1592f,-0.1122f,0.197f,-0.193f,0.872f,0.4499f,0.3963f,0.0262f,0.463f,-0.886f,0.0158f,0f,0f,0f,1f],start_interpolation: 0,interpolation_duration: 1}
$data merge entity $(bone_leftleg) {transformation: [-0.9809f,-0.194f,-0.0175f,0.1242f,-0.193f,0.9801f,-0.0463f,0.7638f,0.0262f,-0.0421f,-0.9988f,0f,0f,0f,0f,1f],start_interpolation: 0,interpolation_duration: 1}
$data merge entity $(block_display_tingle_pen) {transformation: [0.3122f,0.0048f,-0.3905f,-0.8429f,0.3902f,-0.0429f,0.3119f,1.3369f,-0.0153f,-0.9991f,-0.0153f,0.1584f,0f,0f,0f,1f],start_interpolation: 0,interpolation_duration: 1}
$data merge entity $(bone_rightarm) {transformation: [0.6245f,0.781f,0.0048f,-0.4419f,0.7804f,-0.6238f,-0.0429f,1.329f,-0.0305f,0.0305f,-0.9991f,-0.027f,0f,0f,0f,1f],start_interpolation: 0,interpolation_duration: 1}
$data merge entity $(item_display_tingle_book) {transformation: [0.4969f,-0.0024f,0.0553f,0.7412f,0.0554f,0.0214f,-0.4965f,1.8743f,0f,0.4995f,0.0216f,0.2681f,0f,0f,0f,1f],start_interpolation: 0,interpolation_duration: 1}
$data merge entity $(bone_leftarm) {transformation: [0.781f,-0.6245f,0.0048f,0.3035f,-0.6238f,-0.7804f,-0.0429f,1.4121f,0.0305f,0.0305f,-0.9991f,-0.027f,0f,0f,0f,1f],start_interpolation: 0,interpolation_duration: 1}
$data merge entity $(bone_head) {transformation: [-0.9938f,-0.0936f,0.0592f,-0.083f,-0.1108f,0.8399f,-0.5313f,1.4947f,0f,-0.5346f,-0.8451f,-0.0324f,0f,0f,0f,1f],start_interpolation: 0,interpolation_duration: 1}
$data merge entity $(item_display_tingles_pack) {transformation: [-0.4969f,-0.0553f,0.0012f,-0.0541f,-0.0554f,0.4965f,-0.0107f,1.2357f,0f,-0.0216f,-0.2498f,-0.2713f,0f,0f,0f,1f],start_interpolation: 0,interpolation_duration: 1}
$data merge entity $(item_display_tingles_ballon_small) {transformation: [0f,0f,0f,-0.1278f,0f,0f,0f,1.8969f,0f,0f,0f,-0.8006f,0f,0f,0f,1f],start_interpolation: 0,interpolation_duration: 1}
$data merge entity $(item_display_tingles_ballon_big) {transformation: [0f,0f,0f,-0.1945f,0f,0f,0f,2.4947f,0f,0f,0f,-1.3583f,0f,0f,0f,1f],start_interpolation: 0,interpolation_duration: 1}
$data merge entity $(bone_torso) {transformation: [-0.9938f,-0.1107f,0.0048f,0f,-0.1108f,0.9929f,-0.0429f,0.75f,0f,-0.0432f,-0.9991f,0f,0f,0f,0f,1f],start_interpolation: 0,interpolation_duration: 1}