# This file was generated by Animated Java via MC-Build. It is not recommended to edit this file directly.
$data merge entity $(bone_lowerrightleg) {transformation: [-0.9948f,-0.0939f,0.0386f,-0.0927f,-0.0984f,0.9854f,-0.1387f,0.3839f,-0.025f,-0.1418f,-0.9896f,0.1474f,0f,0f,0f,1f],start_interpolation: 0,interpolation_duration: 1}
$data merge entity $(bone_rightleg) {transformation: [-0.9948f,-0.0807f,0.0615f,-0.1229f,-0.0984f,0.916f,-0.389f,0.7273f,-0.025f,-0.393f,-0.9192f,0f,0f,0f,0f,1f],start_interpolation: 0,interpolation_duration: 1}
$data merge entity $(bone_lowerleftleg) {transformation: [-0.9646f,-0.257f,-0.0595f,0.2218f,-0.2626f,0.9569f,0.1242f,0.414f,0.025f,0.1354f,-0.9905f,0.0471f,0f,0f,0f,1f],start_interpolation: 0,interpolation_duration: 1}
$data merge entity $(bone_leftleg) {transformation: [-0.9646f,-0.2637f,0.0091f,0.1229f,-0.2626f,0.9564f,-0.1277f,0.7727f,0.025f,-0.1255f,-0.9918f,0f,0f,0f,0f,1f],start_interpolation: 0,interpolation_duration: 1}
$data merge entity $(block_display_tingle_pen) {transformation: [0.1519f,0.0052f,-0.4764f,-0.8567f,0.4762f,-0.0283f,0.1518f,1.1585f,-0.0127f,-0.9996f,-0.0068f,0.1715f,0f,0f,0f,1f],start_interpolation: 0,interpolation_duration: 1}
$data merge entity $(bone_rightarm) {transformation: [0.3038f,0.9527f,0.0052f,-0.482f,0.9524f,-0.3036f,-0.0283f,1.2964f,-0.0254f,0.0136f,-0.9996f,-0.018f,0f,0f,0f,1f],start_interpolation: 0,interpolation_duration: 1}
$data merge entity $(item_display_tingle_book) {transformation: [0.497f,-0.0026f,-0.0547f,0.7807f,-0.0546f,0.0142f,-0.4968f,1.7833f,0.0041f,0.4998f,0.0138f,0.2874f,0f,0f,0f,1f],start_interpolation: 0,interpolation_duration: 1}
$data merge entity $(bone_leftarm) {transformation: [0.6255f,-0.7802f,0.0052f,0.2556f,-0.7798f,-0.6253f,-0.0283f,1.4324f,0.0253f,0.0136f,-0.9996f,-0.018f,0f,0f,0f,1f],start_interpolation: 0,interpolation_duration: 1}
$data merge entity $(bone_misc_head_items) {transformation: [-0.9834f,-0.1699f,0.0629f,-0.1358f,-0.1812f,0.9223f,-0.3413f,1.4873f,0f,-0.3471f,-0.9378f,-0.0216f,0f,0f,0f,1f],start_interpolation: 0,interpolation_duration: 1}
$data merge entity $(bone_head) {transformation: [-0.9834f,-0.1699f,0.0629f,-0.1358f,-0.1812f,0.9223f,-0.3413f,1.4873f,0f,-0.3471f,-0.9378f,-0.0216f,0f,0f,0f,1f],start_interpolation: 0,interpolation_duration: 1}
$data merge entity $(item_display_tingles_pack) {transformation: [-0.4917f,-0.0906f,0.0013f,-0.0893f,-0.0906f,0.4915f,-0.0071f,1.2344f,0f,-0.0144f,-0.2499f,-0.2643f,0f,0f,0f,1f],start_interpolation: 0,interpolation_duration: 1}
$data merge entity $(item_display_tingles_ballon_small) {transformation: [0f,0f,0f,-0.2112f,0f,0f,0f,1.8961f,0f,0f,0f,-0.7839f,0f,0f,0f,1f],start_interpolation: 0,interpolation_duration: 1}
$data merge entity $(item_display_tingles_ballon_big) {transformation: [0f,0f,0f,-0.3216f,0f,0f,0f,2.4955f,0f,0f,0f,-1.3329f,0f,0f,0f,1f],start_interpolation: 0,interpolation_duration: 1}
$data merge entity $(bone_torso) {transformation: [-0.9834f,-0.1811f,0.0052f,0f,-0.1812f,0.983f,-0.0283f,0.75f,0f,-0.0288f,-0.9996f,0f,0f,0f,0f,1f],start_interpolation: 0,interpolation_duration: 1}