# This file was generated by Animated Java via MC-Build. It is not recommended to edit this file directly.
$data merge entity $(bone_lowerrightleg) {transformation: [-0.984f,-0.1778f,-0.0061f,-0.0557f,-0.1765f,0.9712f,0.1599f,0.3503f,-0.0226f,0.1584f,-0.9871f,0.0384f,0f,0f,0f,1f],start_interpolation: 0,interpolation_duration: 1}
$data merge entity $(bone_rightleg) {transformation: [-0.984f,-0.1734f,0.0402f,-0.1207f,-0.1765f,0.9795f,-0.0969f,0.7176f,-0.0226f,-0.1025f,-0.9945f,0f,0f,0f,0f,1f],start_interpolation: 0,interpolation_duration: 1}
$data merge entity $(bone_lowerleftleg) {transformation: [-0.9405f,-0.3382f,0.034f,0.2399f,-0.3392f,0.927f,-0.1599f,0.4621f,0.0226f,-0.1619f,-0.9865f,0.1544f,0f,0f,0f,1f],start_interpolation: 0,interpolation_duration: 1}
$data merge entity $(bone_leftleg) {transformation: [-0.9405f,-0.3179f,0.1204f,0.1207f,-0.3392f,0.8541f,-0.3944f,0.7824f,0.0226f,-0.4117f,-0.911f,0f,0f,0f,0f,1f],start_interpolation: 0,interpolation_duration: 1}
$data merge entity $(block_display_tingle_pen) {transformation: [-0.3418f,0f,-0.3649f,-0.5812f,0.3649f,0f,-0.3418f,0.8606f,0f,-1f,0f,0.1875f,0f,0f,0f,1f],start_interpolation: 0,interpolation_duration: 1}
$data merge entity $(bone_rightarm) {transformation: [-0.6836f,0.7299f,0f,-0.524f,0.7299f,0.6836f,0f,1.2566f,0f,0f,-1f,0f,0f,0f,0f,1f],start_interpolation: 0,interpolation_duration: 1}
$data merge entity $(item_display_tingle_book) {transformation: [0.2535f,0f,-0.431f,0.7898f,-0.431f,0f,-0.2535f,1.2334f,0f,0.5f,0f,0.3125f,0f,0f,0f,1f],start_interpolation: 0,interpolation_duration: 1}
$data merge entity $(bone_leftarm) {transformation: [-0.2509f,-0.968f,0f,0.2005f,-0.968f,0.2509f,0f,1.4508f,0f,0f,-1f,0f,0f,0f,0f,1f],start_interpolation: 0,interpolation_duration: 1}
$data merge entity $(bone_head) {transformation: [-0.9659f,-0.2451f,-0.0832f,-0.1941f,-0.2588f,0.9147f,0.3103f,1.4744f,0f,0.3213f,-0.947f,0f,0f,0f,0f,1f],start_interpolation: 0,interpolation_duration: 1}
$data merge entity $(item_display_tingles_pack) {transformation: [-0.483f,-0.1294f,0f,-0.1294f,-0.1294f,0.483f,0f,1.233f,0f,0f,-0.25f,-0.25f,0f,0f,0f,1f],start_interpolation: 0,interpolation_duration: 1}
$data merge entity $(item_display_tingles_ballon_small) {transformation: [0f,0f,0f,-0.3073f,0f,0f,0f,1.897f,0f,0f,0f,-0.75f,0f,0f,0f,1f],start_interpolation: 0,interpolation_duration: 1}
$data merge entity $(item_display_tingles_ballon_big) {transformation: [0f,0f,0f,-0.4691f,0f,0f,0f,2.5007f,0f,0f,0f,-1.2812f,0f,0f,0f,1f],start_interpolation: 0,interpolation_duration: 1}
$data merge entity $(bone_torso) {transformation: [-0.9659f,-0.2588f,0f,0f,-0.2588f,0.9659f,0f,0.75f,0f,0f,-1f,0f,0f,0f,0f,1f],start_interpolation: 0,interpolation_duration: 1}