# This file was generated by Animated Java via MC-Build. It is not recommended to edit this file directly.
$data merge entity $(bone_lowerrightleg) {transformation: [-0.9872f,-0.158f,0.0221f,-0.0621f,-0.1579f,0.9874f,0.0045f,0.3496f,-0.0226f,0.001f,-0.9997f,-0.0004f,0f,0f,0f,1f],start_interpolation: 0,interpolation_duration: 1}
$data merge entity $(bone_rightleg) {transformation: [-0.9872f,-0.158f,0.0221f,-0.1213f,-0.1579f,0.9874f,0.0045f,0.7199f,-0.0226f,0.001f,-0.9997f,0f,0f,0f,0f,1f],start_interpolation: 0,interpolation_duration: 1}
$data merge entity $(bone_lowerleftleg) {transformation: [-0.9467f,-0.3214f,-0.0217f,0.2298f,-0.3214f,0.9469f,-0.0063f,0.4737f,0.0226f,0.001f,-0.9997f,0.1871f,0f,0f,0f,1f],start_interpolation: 0,interpolation_duration: 1}
$data merge entity $(bone_leftleg) {transformation: [-0.9467f,-0.2892f,0.1419f,0.1213f,-0.3214f,0.8169f,-0.479f,0.7801f,0.0226f,-0.499f,-0.8663f,0f,0f,0f,0f,1f],start_interpolation: 0,interpolation_duration: 1}
$data merge entity $(block_display_tingle_pen) {transformation: [-0.4282f,0f,-0.2581f,-0.4616f,0.2581f,0f,-0.4282f,0.8697f,0f,-1f,0f,0.1875f,0f,0f,0f,1f],start_interpolation: 0,interpolation_duration: 1}
$data merge entity $(bone_rightarm) {transformation: [-0.8564f,0.5162f,0f,-0.5143f,0.5162f,0.8564f,0f,1.2664f,0f,0f,-1f,0f,0f,0f,0f,1f],start_interpolation: 0,interpolation_duration: 1}
$data merge entity $(item_display_tingle_book) {transformation: [0.099f,0f,-0.4901f,0.6998f,-0.4901f,0f,-0.099f,1.0491f,0f,0.5f,0f,0.3125f,0f,0f,0f,1f],start_interpolation: 0,interpolation_duration: 1}
$data merge entity $(bone_leftarm) {transformation: [-0.5531f,-0.8331f,0f,0.2136f,-0.8331f,0.5531f,0f,1.4469f,0f,0f,-1f,0f,0f,0f,0f,1f],start_interpolation: 0,interpolation_duration: 1}
$data merge entity $(bone_head) {transformation: [-0.9706f,-0.2083f,-0.1203f,-0.1804f,-0.2406f,0.8406f,0.4853f,1.478f,0f,0.5f,-0.866f,0f,0f,0f,0f,1f],start_interpolation: 0,interpolation_duration: 1}
$data merge entity $(item_display_tingles_pack) {transformation: [-0.4853f,-0.1203f,0f,-0.1203f,-0.1203f,0.4853f,0f,1.2353f,0f,0f,-0.25f,-0.25f,0f,0f,0f,1f],start_interpolation: 0,interpolation_duration: 1}
$data merge entity $(item_display_tingles_ballon_small) {transformation: [0f,0f,0f,-0.2857f,0f,0f,0f,1.9026f,0f,0f,0f,-0.75f,0f,0f,0f,1f],start_interpolation: 0,interpolation_duration: 1}
$data merge entity $(item_display_tingles_ballon_big) {transformation: [0f,0f,0f,-0.436f,0f,0f,0f,2.5093f,0f,0f,0f,-1.2812f,0f,0f,0f,1f],start_interpolation: 0,interpolation_duration: 1}
$data merge entity $(bone_torso) {transformation: [-0.9706f,-0.2406f,0f,0f,-0.2406f,0.9706f,0f,0.75f,0f,0f,-1f,0f,0f,0f,0f,1f],start_interpolation: 0,interpolation_duration: 1}