# This file was generated by Animated Java via MC-Build. It is not recommended to edit this file directly.
$data merge entity $(bone_lowerrightleg) {transformation: [-0.9937f,-0.1124f,0.0047f,-0.0824f,-0.1102f,0.981f,0.1599f,0.355f,-0.0226f,0.1584f,-0.9871f,0.0384f,0f,0f,0f,1f],start_interpolation: 0,interpolation_duration: 1}
$data merge entity $(bone_rightleg) {transformation: [-0.9937f,-0.1074f,0.0336f,-0.1226f,-0.1102f,0.9889f,-0.0994f,0.7258f,-0.0226f,-0.1025f,-0.9945f,0f,0f,0f,0f,1f],start_interpolation: 0,interpolation_duration: 1}
$data merge entity $(bone_lowerleftleg) {transformation: [-0.9611f,-0.2754f,0.0232f,0.2201f,-0.2754f,0.9476f,-0.1618f,0.4467f,0.0226f,-0.1619f,-0.9865f,0.1544f,0f,0f,0f,1f],start_interpolation: 0,interpolation_duration: 1}
$data merge entity $(bone_leftleg) {transformation: [-0.9611f,-0.26f,0.0937f,0.1226f,-0.2754f,0.8734f,-0.4016f,0.7742f,0.0226f,-0.4117f,-0.911f,0f,0f,0f,0f,1f],start_interpolation: 0,interpolation_duration: 1}
$data merge entity $(block_display_tingle_pen) {transformation: [-0.3166f,0f,-0.387f,-0.5725f,0.387f,0f,-0.3166f,0.8992f,0f,-1f,0f,0.1875f,0f,0f,0f,1f],start_interpolation: 0,interpolation_duration: 1}
$data merge entity $(bone_rightarm) {transformation: [-0.6332f,0.774f,0f,-0.4889f,0.774f,0.6332f,0f,1.2906f,0f,0f,-1f,0f,0f,0f,0f,1f],start_interpolation: 0,interpolation_duration: 1}
$data merge entity $(item_display_tingle_book) {transformation: [0.2241f,0f,-0.447f,0.8204f,-0.447f,0f,-0.2241f,1.1795f,0f,0.5f,0f,0.3125f,0f,0f,0f,1f],start_interpolation: 0,interpolation_duration: 1}
$data merge entity $(bone_leftarm) {transformation: [-0.3152f,-0.949f,0f,0.2469f,-0.949f,0.3152f,0f,1.4358f,0f,0f,-1f,0f,0f,0f,0f,1f],start_interpolation: 0,interpolation_duration: 1}
$data merge entity $(bone_head) {transformation: [-0.9811f,-0.1833f,-0.0622f,-0.1452f,-0.1935f,0.9291f,0.3152f,1.4858f,0f,0.3213f,-0.947f,0f,0f,0f,0f,1f],start_interpolation: 0,interpolation_duration: 1}
$data merge entity $(item_display_tingles_pack) {transformation: [-0.4905f,-0.0968f,0f,-0.0968f,-0.0968f,0.4905f,0f,1.2405f,0f,0f,-0.25f,-0.25f,0f,0f,0f,1f],start_interpolation: 0,interpolation_duration: 1}
$data merge entity $(item_display_tingles_ballon_small) {transformation: [0f,0f,0f,-0.2298f,0f,0f,0f,1.915f,0f,0f,0f,-0.75f,0f,0f,0f,1f],start_interpolation: 0,interpolation_duration: 1}
$data merge entity $(item_display_tingles_ballon_big) {transformation: [0f,0f,0f,-0.3508f,0f,0f,0f,2.5282f,0f,0f,0f,-1.2812f,0f,0f,0f,1f],start_interpolation: 0,interpolation_duration: 1}
$data merge entity $(bone_torso) {transformation: [-0.9811f,-0.1935f,0f,0f,-0.1935f,0.9811f,0f,0.75f,0f,0f,-1f,0f,0f,0f,0f,1f],start_interpolation: 0,interpolation_duration: 1}