# This file was generated by Animated Java via MC-Build. It is not recommended to edit this file directly.
$data merge entity $(bone_lowerrightleg) {transformation: [-1f,0f,0f,-0.125f,0f,0.9667f,0.256f,0.3765f,0f,0.256f,-0.9667f,0.0338f,0f,0f,0f,1f],start_interpolation: 0,interpolation_duration: 1}
$data merge entity $(bone_rightleg) {transformation: [-1f,0f,0f,-0.125f,0f,0.9959f,-0.09f,0.75f,0f,-0.09f,-0.9959f,0f,0f,0f,0f,1f],start_interpolation: 0,interpolation_duration: 1}
$data merge entity $(bone_lowerleftleg) {transformation: [-1f,0f,0f,0.125f,0f,0.9954f,-0.0954f,0.3886f,0f,-0.0954f,-0.9954f,0.1001f,0f,0f,0f,1f],start_interpolation: 0,interpolation_duration: 1}
$data merge entity $(bone_leftleg) {transformation: [-1f,0f,0f,0.125f,0f,0.9637f,-0.2668f,0.75f,0f,-0.2668f,-0.9637f,0f,0f,0f,0f,1f],start_interpolation: 0,interpolation_duration: 1}
$data merge entity $(block_display_tingle_pen) {transformation: [-0.4509f,-0.0761f,0.2127f,-0.0024f,-0.0758f,-0.8661f,-0.2382f,1.2994f,0.2023f,-0.4941f,0.3848f,0.6097f,0f,0f,0f,1f],start_interpolation: 0,interpolation_duration: 1}
$data merge entity $(bone_rightarm) {transformation: [-0.9018f,-0.4253f,-0.0761f,-0.375f,-0.1516f,0.4763f,-0.8661f,1.248f,0.4046f,-0.7695f,-0.4941f,0.3777f,0f,0f,0f,1f],start_interpolation: 0,interpolation_duration: 1}
$data merge entity $(item_display_tingle_book) {transformation: [-0.4779f,-0.0594f,-0.1345f,-0.0198f,-0.1438f,0.0935f,0.4697f,0.793f,-0.0307f,0.4876f,-0.1065f,0.7373f,0f,0f,0f,1f],start_interpolation: 0,interpolation_duration: 1}
$data merge entity $(bone_leftarm) {transformation: [-0.866f,0.4857f,0.1188f,0.375f,0.4609f,0.8675f,-0.187f,1.248f,-0.1939f,-0.1072f,-0.9751f,0.3777f,0f,0f,0f,1f],start_interpolation: 0,interpolation_duration: 1}
$data merge entity $(bone_head) {transformation: [-1f,0f,0f,0f,0f,0.5894f,0.8079f,1.3476f,0f,0.8079f,-0.5894f,0.4532f,0f,0f,0f,1f],start_interpolation: 0,interpolation_duration: 1}
$data merge entity $(item_display_tingles_pack) {transformation: [-0.5f,0f,0f,0f,0f,0.3984f,0.1511f,1.2995f,0f,0.3022f,-0.1992f,0.103f,0f,0f,0f,1f],start_interpolation: 0,interpolation_duration: 1}
$data merge entity $(item_display_tingles_ballon_small) {transformation: [0f,0f,0f,0f,0f,0f,0f,2.1494f,0f,0f,0f,0.1201f,0f,0f,0f,1f],start_interpolation: 0,interpolation_duration: 1}
$data merge entity $(item_display_tingles_ballon_big) {transformation: [0f,0f,0f,0f,0f,0f,0f,2.9684f,0f,0f,0f,0.0745f,0f,0f,0f,1f],start_interpolation: 0,interpolation_duration: 1}
$data merge entity $(bone_torso) {transformation: [-1f,0f,0f,0f,0f,0.7967f,0.6043f,0.75f,0f,0.6043f,-0.7967f,0f,0f,0f,0f,1f],start_interpolation: 0,interpolation_duration: 1}