# This file was generated by Animated Java via MC-Build. It is not recommended to edit this file directly.
$data merge entity $(bone_lowerrightleg) {transformation: [-0.9892f,0.1461f,0.0058f,-0.1783f,0.1445f,0.9828f,-0.1154f,0.4128f,-0.0226f,-0.1133f,-0.9933f,0.1375f,0f,0f,0f,1f],start_interpolation: 0,interpolation_duration: 1}
$data merge entity $(bone_rightleg) {transformation: [-0.9892f,0.1427f,-0.0322f,-0.1248f,0.1445f,0.9194f,-0.3658f,0.7576f,-0.0226f,-0.3665f,-0.9301f,0f,0f,0f,0f,1f],start_interpolation: 0,interpolation_duration: 1}
$data merge entity $(bone_lowerleftleg) {transformation: [-0.9995f,-0.0196f,-0.0261f,0.1344f,-0.0236f,0.9863f,0.1633f,0.3693f,0.0226f,0.1638f,-0.9862f,0.0364f,0f,0f,0f,1f],start_interpolation: 0,interpolation_duration: 1}
$data merge entity $(bone_leftleg) {transformation: [-0.9995f,-0.0256f,-0.0202f,0.1248f,-0.0236f,0.9949f,-0.0976f,0.7424f,0.0226f,-0.097f,-0.995f,0f,0f,0f,0f,1f],start_interpolation: 0,interpolation_duration: 1}
$data merge entity $(block_display_tingle_pen) {transformation: [0.262f,0f,-0.4258f,-0.7335f,0.4258f,0f,0.262f,1.3475f,0f,-1f,0f,0.1875f,0f,0f,0f,1f],start_interpolation: 0,interpolation_duration: 1}
$data merge entity $(bone_rightarm) {transformation: [0.5241f,0.8517f,0f,-0.3364f,0.8517f,-0.5241f,0f,1.3966f,0f,0f,-1f,0f,0f,0f,0f,1f],start_interpolation: 0,interpolation_duration: 1}
$data merge entity $(item_display_tingle_book) {transformation: [0.4693f,0f,-0.1726f,1.0058f,-0.1726f,0f,-0.4693f,1.5565f,0f,0.5f,0f,0.3125f,0f,0f,0f,1f],start_interpolation: 0,interpolation_duration: 1}
$data merge entity $(bone_leftarm) {transformation: [0.4195f,-0.9078f,0f,0.4122f,-0.9078f,-0.4195f,0f,1.3511f,0f,0f,-1f,0f,0f,0f,0f,1f],start_interpolation: 0,interpolation_duration: 1}
$data merge entity $(bone_head) {transformation: [-0.9982f,0.0575f,-0.0194f,0.0455f,0.0607f,0.9457f,-0.3194f,1.4986f,0f,-0.32f,-0.9474f,0f,0f,0f,0f,1f],start_interpolation: 0,interpolation_duration: 1}
$data merge entity $(item_display_tingles_pack) {transformation: [-0.4991f,0.0304f,0f,0.0304f,0.0304f,0.4991f,0f,1.2491f,0f,0f,-0.25f,-0.25f,0f,0f,0f,1f],start_interpolation: 0,interpolation_duration: 1}
$data merge entity $(item_display_tingles_ballon_small) {transformation: [0f,0f,0f,0.0721f,0f,0f,0f,1.9353f,0f,0f,0f,-0.75f,0f,0f,0f,1f],start_interpolation: 0,interpolation_duration: 1}
$data merge entity $(item_display_tingles_ballon_big) {transformation: [0f,0f,0f,0.11f,0f,0f,0f,2.5592f,0f,0f,0f,-1.2812f,0f,0f,0f,1f],start_interpolation: 0,interpolation_duration: 1}
$data merge entity $(bone_torso) {transformation: [-0.9982f,0.0607f,0f,0f,0.0607f,0.9982f,0f,0.75f,0f,0f,-1f,0f,0f,0f,0f,1f],start_interpolation: 0,interpolation_duration: 1}