# This file was generated by Animated Java via MC-Build. It is not recommended to edit this file directly.
$data merge entity $(bone_lowerrightleg) {transformation: [-0.9769f,0.1995f,0.0765f,-0.2031f,0.2125f,0.9449f,0.2492f,0.4126f,-0.0226f,0.2597f,-0.9654f,0.0967f,0f,0f,0f,1f],start_interpolation: 0,interpolation_duration: 1}
$data merge entity $(bone_rightleg) {transformation: [-0.9769f,0.211f,-0.0335f,-0.1239f,0.2125f,0.9429f,-0.2566f,0.7662f,-0.0226f,-0.2578f,-0.9659f,0f,0f,0f,0f,1f],start_interpolation: 0,interpolation_duration: 1}
$data merge entity $(bone_lowerleftleg) {transformation: [-0.9987f,0.0382f,-0.0335f,0.1096f,0.0455f,0.9654f,-0.2566f,0.3718f,0.0226f,-0.2578f,-0.9659f,0.0967f,0f,0f,0f,1f],start_interpolation: 0,interpolation_duration: 1}
$data merge entity $(bone_leftleg) {transformation: [-0.9987f,0.0382f,-0.0335f,0.1239f,0.0455f,0.9654f,-0.2566f,0.7338f,0.0226f,-0.2578f,-0.9659f,0f,0f,0f,0f,1f],start_interpolation: 0,interpolation_duration: 1}
$data merge entity $(block_display_tingle_pen) {transformation: [0.0647f,0f,-0.4958f,-0.6332f,0.4958f,0f,0.0647f,1.2109f,0f,-1f,0f,0.1875f,0f,0f,0f,1f],start_interpolation: 0,interpolation_duration: 1}
$data merge entity $(bone_rightarm) {transformation: [0.1295f,0.9916f,0f,-0.2909f,0.9916f,-0.1295f,0f,1.4183f,0f,0f,-1f,0f,0f,0f,0f,1f],start_interpolation: 0,interpolation_duration: 1}
$data merge entity $(item_display_tingle_book) {transformation: [0.3048f,0f,-0.3964f,1.0644f,-0.3964f,0f,-0.3048f,1.1783f,0f,0.5f,0f,0.3125f,0f,0f,0f,1f],start_interpolation: 0,interpolation_duration: 1}
$data merge entity $(bone_leftarm) {transformation: [-0.1295f,-0.9916f,0f,0.4528f,-0.9916f,0.1295f,0f,1.3212f,0f,0f,-1f,0f,0f,0f,0f,1f],start_interpolation: 0,interpolation_duration: 1}
$data merge entity $(bone_head) {transformation: [-0.9916f,0.1295f,0f,0.0971f,0.1295f,0.9916f,0f,1.4937f,0f,0f,-1f,0f,0f,0f,0f,1f],start_interpolation: 0,interpolation_duration: 1}
$data merge entity $(item_display_tingles_pack) {transformation: [-0.4958f,0.0647f,0f,0.0647f,0.0647f,0.4958f,0f,1.2458f,0f,0f,-0.25f,-0.25f,0f,0f,0f,1f],start_interpolation: 0,interpolation_duration: 1}
$data merge entity $(item_display_tingles_ballon_small) {transformation: [0f,0f,0f,0.1538f,0f,0f,0f,1.9275f,0f,0f,0f,-0.75f,0f,0f,0f,1f],start_interpolation: 0,interpolation_duration: 1}
$data merge entity $(item_display_tingles_ballon_big) {transformation: [0f,0f,0f,0.2347f,0f,0f,0f,2.5472f,0f,0f,0f,-1.2812f,0f,0f,0f,1f],start_interpolation: 0,interpolation_duration: 1}
$data merge entity $(bone_torso) {transformation: [-0.9916f,0.1295f,0f,0f,0.1295f,0.9916f,0f,0.75f,0f,0f,-1f,0f,0f,0f,0f,1f],start_interpolation: 0,interpolation_duration: 1}