# This file was generated by Animated Java via MC-Build. It is not recommended to edit this file directly.
$data merge entity $(bone_lowerrightleg) {transformation: [-0.9611f,0.2686f,0.0651f,-0.2262f,0.2754f,0.9501f,0.1462f,0.4158f,-0.0226f,0.1584f,-0.9871f,0.0384f,0f,0f,0f,1f],start_interpolation: 0,interpolation_duration: 1}
$data merge entity $(bone_rightleg) {transformation: [-0.9611f,0.2762f,-0.0067f,-0.1226f,0.2754f,0.9556f,-0.1047f,0.7742f,-0.0226f,-0.1025f,-0.9945f,0f,0f,0f,0f,1f],start_interpolation: 0,interpolation_duration: 1}
$data merge entity $(bone_lowerleftleg) {transformation: [-0.9937f,0.1052f,-0.04f,0.0884f,0.1102f,0.9812f,-0.1585f,0.3858f,0.0226f,-0.1619f,-0.9865f,0.1544f,0f,0f,0f,1f],start_interpolation: 0,interpolation_duration: 1}
$data merge entity $(bone_leftleg) {transformation: [-0.9937f,0.0912f,-0.0658f,0.1226f,0.1102f,0.9067f,-0.4071f,0.7258f,0.0226f,-0.4117f,-0.911f,0f,0f,0f,0f,1f],start_interpolation: 0,interpolation_duration: 1}
$data merge entity $(block_display_tingle_pen) {transformation: [-0.1459f,0f,-0.4782f,-0.4729f,0.4782f,0f,-0.1459f,1.1055f,0f,-1f,0f,0.1875f,0f,0f,0f,1f],start_interpolation: 0,interpolation_duration: 1}
$data merge entity $(bone_rightarm) {transformation: [-0.2918f,0.9565f,0f,-0.2469f,0.9565f,0.2918f,0f,1.4358f,0f,0f,-1f,0f,0f,0f,0f,1f],start_interpolation: 0,interpolation_duration: 1}
$data merge entity $(item_display_tingle_book) {transformation: [0.0376f,0f,-0.4986f,0.922f,-0.4986f,0f,-0.0376f,0.8357f,0f,0.5f,0f,0.3125f,0f,0f,0f,1f],start_interpolation: 0,interpolation_duration: 1}
$data merge entity $(bone_leftarm) {transformation: [-0.652f,-0.7582f,0f,0.4889f,-0.7582f,0.652f,0f,1.2906f,0f,0f,-1f,0f,0f,0f,0f,1f],start_interpolation: 0,interpolation_duration: 1}
$data merge entity $(bone_misc_head_items) {transformation: [-0.9811f,0.1833f,0.0622f,0.1452f,0.1935f,0.9291f,0.3152f,1.4858f,0f,0.3213f,-0.947f,0f,0f,0f,0f,1f],start_interpolation: 0,interpolation_duration: 1}
$data merge entity $(bone_head) {transformation: [-0.9811f,0.1833f,0.0622f,0.1452f,0.1935f,0.9291f,0.3152f,1.4858f,0f,0.3213f,-0.947f,0f,0f,0f,0f,1f],start_interpolation: 0,interpolation_duration: 1}
$data merge entity $(item_display_tingles_pack) {transformation: [-0.4905f,0.0968f,0f,0.0968f,0.0968f,0.4905f,0f,1.2405f,0f,0f,-0.25f,-0.25f,0f,0f,0f,1f],start_interpolation: 0,interpolation_duration: 1}
$data merge entity $(item_display_tingles_ballon_small) {transformation: [0f,0f,0f,0.2298f,0f,0f,0f,1.915f,0f,0f,0f,-0.75f,0f,0f,0f,1f],start_interpolation: 0,interpolation_duration: 1}
$data merge entity $(item_display_tingles_ballon_big) {transformation: [0f,0f,0f,0.3508f,0f,0f,0f,2.5282f,0f,0f,0f,-1.2812f,0f,0f,0f,1f],start_interpolation: 0,interpolation_duration: 1}
$data merge entity $(bone_torso) {transformation: [-0.9811f,0.1935f,0f,0f,0.1935f,0.9811f,0f,0.75f,0f,0f,-1f,0f,0f,0f,0f,1f],start_interpolation: 0,interpolation_duration: 1}