# This file was generated by Animated Java via MC-Build. It is not recommended to edit this file directly.
$data merge entity $(bone_lowerrightleg) {transformation: [-0.9405f,0.3316f,0.0747f,-0.2481f,0.3392f,0.93f,0.1415f,0.4317f,-0.0226f,0.1584f,-0.9871f,0.0384f,0f,0f,0f,1f],start_interpolation: 0,interpolation_duration: 1}
$data merge entity $(bone_rightleg) {transformation: [-0.9405f,0.3396f,-0.0137f,-0.1207f,0.3392f,0.935f,-0.104f,0.7824f,-0.0226f,-0.1025f,-0.9945f,0f,0f,0f,0f,1f],start_interpolation: 0,interpolation_duration: 1}
$data merge entity $(bone_lowerleftleg) {transformation: [-0.984f,0.1706f,-0.0505f,0.0638f,0.1765f,0.9719f,-0.1555f,0.3807f,0.0226f,-0.1619f,-0.9865f,0.1544f,0f,0f,0f,1f],start_interpolation: 0,interpolation_duration: 1}
$data merge entity $(bone_leftleg) {transformation: [-0.984f,0.1517f,-0.0929f,0.1207f,0.1765f,0.8986f,-0.4017f,0.7176f,0.0226f,-0.4117f,-0.911f,0f,0f,0f,0f,1f],start_interpolation: 0,interpolation_duration: 1}
$data merge entity $(block_display_tingle_pen) {transformation: [-0.1135f,0f,-0.4869f,-0.448f,0.4869f,0f,-0.1135f,1.1363f,0f,-1f,0f,0.1875f,0f,0f,0f,1f],start_interpolation: 0,interpolation_duration: 1}
$data merge entity $(bone_rightarm) {transformation: [-0.2271f,0.9739f,0f,-0.2005f,0.9739f,0.2271f,0f,1.4508f,0f,0f,-1f,0f,0f,0f,0f,1f],start_interpolation: 0,interpolation_duration: 1}
$data merge entity $(item_display_tingle_book) {transformation: [0.0041f,0f,-0.5f,0.9257f,-0.5f,0f,-0.0041f,0.7738f,0f,0.5f,0f,0.3125f,0f,0f,0f,1f],start_interpolation: 0,interpolation_duration: 1}
$data merge entity $(bone_leftarm) {transformation: [-0.7013f,-0.7129f,0f,0.524f,-0.7129f,0.7013f,0f,1.2566f,0f,0f,-1f,0f,0f,0f,0f,1f],start_interpolation: 0,interpolation_duration: 1}
$data merge entity $(bone_head) {transformation: [-0.9659f,0.2451f,0.0832f,0.1941f,0.2588f,0.9147f,0.3103f,1.4744f,0f,0.3213f,-0.947f,0f,0f,0f,0f,1f],start_interpolation: 0,interpolation_duration: 1}
$data merge entity $(item_display_tingles_pack) {transformation: [-0.483f,0.1294f,0f,0.1294f,0.1294f,0.483f,0f,1.233f,0f,0f,-0.25f,-0.25f,0f,0f,0f,1f],start_interpolation: 0,interpolation_duration: 1}
$data merge entity $(item_display_tingles_ballon_small) {transformation: [0f,0f,0f,0.3073f,0f,0f,0f,1.897f,0f,0f,0f,-0.75f,0f,0f,0f,1f],start_interpolation: 0,interpolation_duration: 1}
$data merge entity $(item_display_tingles_ballon_big) {transformation: [0f,0f,0f,0.4691f,0f,0f,0f,2.5007f,0f,0f,0f,-1.2812f,0f,0f,0f,1f],start_interpolation: 0,interpolation_duration: 1}
$data merge entity $(bone_torso) {transformation: [-0.9659f,0.2588f,0f,0f,0.2588f,0.9659f,0f,0.75f,0f,0f,-1f,0f,0f,0f,0f,1f],start_interpolation: 0,interpolation_duration: 1}