# This file was generated by Animated Java via MC-Build. It is not recommended to edit this file directly.
$data merge entity $(bone_lowerrightleg) {transformation: [-0.948f,0.301f,0.1031f,-0.2385f,0.3174f,0.9176f,0.2394f,0.4367f,-0.0226f,0.2597f,-0.9654f,0.0967f,0f,0f,0f,1f],start_interpolation: 0,interpolation_duration: 1}
$data merge entity $(bone_rightleg) {transformation: [-0.948f,0.3123f,-0.0612f,-0.1215f,0.3174f,0.9143f,-0.2515f,0.7796f,-0.0226f,-0.2578f,-0.9659f,0f,0f,0f,0f,1f],start_interpolation: 0,interpolation_duration: 1}
$data merge entity $(bone_lowerleftleg) {transformation: [-0.9878f,0.1429f,-0.0612f,0.0679f,0.1538f,0.9556f,-0.2515f,0.3621f,0.0226f,-0.2578f,-0.9659f,0.0967f,0f,0f,0f,1f],start_interpolation: 0,interpolation_duration: 1}
$data merge entity $(bone_leftleg) {transformation: [-0.9878f,0.1429f,-0.0612f,0.1215f,0.1538f,0.9556f,-0.2515f,0.7204f,0.0226f,-0.2578f,-0.9659f,0f,0f,0f,0f,1f],start_interpolation: 0,interpolation_duration: 1}
$data merge entity $(block_display_tingle_pen) {transformation: [0.1182f,0f,-0.4858f,-0.5793f,0.4858f,0f,0.1182f,1.277f,0f,-1f,0f,0.1875f,0f,0f,0f,1f],start_interpolation: 0,interpolation_duration: 1}
$data merge entity $(bone_rightarm) {transformation: [0.2365f,0.9716f,0f,-0.2166f,0.9716f,-0.2365f,0f,1.446f,0f,0f,-1f,0f,0f,0f,0f,1f],start_interpolation: 0,interpolation_duration: 1}
$data merge entity $(item_display_tingle_book) {transformation: [0.2599f,0f,-0.4271f,1.1047f,-0.4271f,0f,-0.2599f,1.06f,0f,0.5f,0f,0.3125f,0f,0f,0f,1f],start_interpolation: 0,interpolation_duration: 1}
$data merge entity $(bone_leftarm) {transformation: [-0.2365f,-0.9716f,0f,0.5122f,-0.9716f,0.2365f,0f,1.2686f,0f,0f,-1f,0f,0f,0f,0f,1f],start_interpolation: 0,interpolation_duration: 1}
$data merge entity $(bone_misc_head_items) {transformation: [-0.9716f,0.2365f,0f,0.1774f,0.2365f,0.9716f,0f,1.4787f,0f,0f,-1f,0f,0f,0f,0f,1f],start_interpolation: 0,interpolation_duration: 1}
$data merge entity $(bone_head) {transformation: [-0.9716f,0.2365f,0f,0.1774f,0.2365f,0.9716f,0f,1.4787f,0f,0f,-1f,0f,0f,0f,0f,1f],start_interpolation: 0,interpolation_duration: 1}
$data merge entity $(item_display_tingles_pack) {transformation: [-0.4858f,0.1182f,0f,0.1182f,0.1182f,0.4858f,0f,1.2358f,0f,0f,-0.25f,-0.25f,0f,0f,0f,1f],start_interpolation: 0,interpolation_duration: 1}
$data merge entity $(item_display_tingles_ballon_small) {transformation: [0f,0f,0f,0.2808f,0f,0f,0f,1.9038f,0f,0f,0f,-0.75f,0f,0f,0f,1f],start_interpolation: 0,interpolation_duration: 1}
$data merge entity $(item_display_tingles_ballon_big) {transformation: [0f,0f,0f,0.4287f,0f,0f,0f,2.5111f,0f,0f,0f,-1.2812f,0f,0f,0f,1f],start_interpolation: 0,interpolation_duration: 1}
$data merge entity $(bone_torso) {transformation: [-0.9716f,0.2365f,0f,0f,0.2365f,0.9716f,0f,0.75f,0f,0f,-1f,0f,0f,0f,0f,1f],start_interpolation: 0,interpolation_duration: 1}