# This file was generated by Animated Java via MC-Build. It is not recommended to edit this file directly.
$data merge entity $(bone_lowerrightleg) {transformation: [-0.9644f,0.2642f,-0.0039f,-0.2173f,0.2633f,0.9596f,-0.0996f,0.4391f,-0.0226f,-0.097f,-0.995f,0.1431f,0f,0f,0f,1f],start_interpolation: 0,interpolation_duration: 1}
$data merge entity $(bone_rightleg) {transformation: [-0.9644f,0.2517f,-0.0804f,-0.1229f,0.2633f,0.8893f,-0.3738f,0.7727f,-0.0226f,-0.3817f,-0.924f,0f,0f,0f,0f,1f],start_interpolation: 0,interpolation_duration: 1}
$data merge entity $(bone_lowerleftleg) {transformation: [-0.995f,0.1f,-0.0078f,0.0875f,0.0977f,0.984f,0.1491f,0.3565f,0.0226f,0.1476f,-0.9888f,0.0425f,0f,0f,0f,1f],start_interpolation: 0,interpolation_duration: 1}
$data merge entity $(bone_leftleg) {transformation: [-0.995f,0.0946f,-0.0334f,0.1229f,0.0977f,0.989f,-0.1106f,0.7273f,0.0226f,-0.1133f,-0.9933f,0f,0f,0f,0f,1f],start_interpolation: 0,interpolation_duration: 1}
$data merge entity $(block_display_tingle_pen) {transformation: [0.2987f,0f,-0.4009f,-0.6555f,0.4009f,0f,0.2987f,1.4188f,0f,-1f,0f,0.1875f,0f,0f,0f,1f],start_interpolation: 0,interpolation_duration: 1}
$data merge entity $(bone_rightarm) {transformation: [0.5975f,0.8019f,0f,-0.2555f,0.8019f,-0.5975f,0f,1.4326f,0f,0f,-1f,0f,0f,0f,0f,1f],start_interpolation: 0,interpolation_duration: 1}
$data merge entity $(item_display_tingle_book) {transformation: [0.4372f,0f,-0.2427f,1.1001f,-0.2427f,0f,-0.4372f,1.4085f,0f,0.5f,0f,0.3125f,0f,0f,0f,1f],start_interpolation: 0,interpolation_duration: 1}
$data merge entity $(bone_leftarm) {transformation: [0.2751f,-0.9614f,0f,0.482f,-0.9614f,-0.2751f,0f,1.2967f,0f,0f,-1f,0f,0f,0f,0f,1f],start_interpolation: 0,interpolation_duration: 1}
$data merge entity $(bone_misc_head_items) {transformation: [-0.9834f,0.1717f,-0.058f,0.1359f,0.1812f,0.9317f,-0.3147f,1.4876f,0f,-0.32f,-0.9474f,0f,0f,0f,0f,1f],start_interpolation: 0,interpolation_duration: 1}
$data merge entity $(bone_head) {transformation: [-0.9834f,0.1717f,-0.058f,0.1359f,0.1812f,0.9317f,-0.3147f,1.4876f,0f,-0.32f,-0.9474f,0f,0f,0f,0f,1f],start_interpolation: 0,interpolation_duration: 1}
$data merge entity $(item_display_tingles_pack) {transformation: [-0.4917f,0.0906f,0f,0.0906f,0.0906f,0.4917f,0f,1.2417f,0f,0f,-0.25f,-0.25f,0f,0f,0f,1f],start_interpolation: 0,interpolation_duration: 1}
$data merge entity $(item_display_tingles_ballon_small) {transformation: [0f,0f,0f,0.2152f,0f,0f,0f,1.9178f,0f,0f,0f,-0.75f,0f,0f,0f,1f],start_interpolation: 0,interpolation_duration: 1}
$data merge entity $(item_display_tingles_ballon_big) {transformation: [0f,0f,0f,0.3284f,0f,0f,0f,2.5325f,0f,0f,0f,-1.2812f,0f,0f,0f,1f],start_interpolation: 0,interpolation_duration: 1}
$data merge entity $(bone_torso) {transformation: [-0.9834f,0.1812f,0f,0f,0.1812f,0.9834f,0f,0.75f,0f,0f,-1f,0f,0f,0f,0f,1f],start_interpolation: 0,interpolation_duration: 1}