# This file was generated by Animated Java via MC-Build. It is not recommended to edit this file directly.
$data merge entity $(bone_lowerrightleg) {transformation: [-0.9646f,0.2637f,-0.0091f,-0.2166f,0.2626f,0.9564f,-0.1277f,0.4433f,-0.025f,-0.1255f,-0.9918f,0.153f,0f,0f,0f,1f],start_interpolation: 0,interpolation_duration: 1}
$data merge entity $(bone_rightleg) {transformation: [-0.9646f,0.2497f,-0.0852f,-0.1229f,0.2626f,0.8782f,-0.3998f,0.7727f,-0.025f,-0.408f,-0.9126f,0f,0f,0f,0f,1f],start_interpolation: 0,interpolation_duration: 1}
$data merge entity $(bone_lowerleftleg) {transformation: [-0.9948f,0.1007f,-0.0129f,0.0877f,0.0984f,0.9878f,0.1211f,0.3578f,0.025f,0.1192f,-0.9926f,0.0532f,0f,0f,0f,1f],start_interpolation: 0,interpolation_duration: 1}
$data merge entity $(bone_leftleg) {transformation: [-0.9948f,0.0939f,-0.0386f,0.1229f,0.0984f,0.9854f,-0.1387f,0.7273f,0.025f,-0.1418f,-0.9896f,0f,0f,0f,0f,1f],start_interpolation: 0,interpolation_duration: 1}
$data merge entity $(block_display_tingle_pen) {transformation: [0.2987f,-0.0052f,-0.401f,-0.6546f,0.4008f,-0.0283f,0.2987f,1.4239f,-0.0129f,-0.9996f,-0.0064f,0.1719f,0f,0f,0f,1f],start_interpolation: 0,interpolation_duration: 1}
$data merge entity $(bone_rightarm) {transformation: [0.5974f,0.8019f,-0.0052f,-0.2556f,0.8015f,-0.5973f,-0.0283f,1.4324f,-0.0258f,0.0127f,-0.9996f,-0.018f,0f,0f,0f,1f],start_interpolation: 0,interpolation_duration: 1}
$data merge entity $(item_display_tingle_book) {transformation: [0.4372f,0.0026f,-0.2426f,1.1017f,-0.2426f,0.0142f,-0.437f,1.417f,0.0046f,0.4998f,0.0136f,0.288f,0f,0f,0f,1f],start_interpolation: 0,interpolation_duration: 1}
$data merge entity $(bone_leftarm) {transformation: [0.2751f,-0.9614f,-0.0052f,0.482f,-0.9611f,-0.2749f,-0.0283f,1.2964f,0.0258f,0.0128f,-0.9996f,-0.018f,0f,0f,0f,1f],start_interpolation: 0,interpolation_duration: 1}
$data merge entity $(bone_misc_head_items) {transformation: [-0.9834f,0.1699f,-0.0629f,0.1358f,0.1812f,0.9223f,-0.3413f,1.4873f,0f,-0.3471f,-0.9378f,-0.0216f,0f,0f,0f,1f],start_interpolation: 0,interpolation_duration: 1}
$data merge entity $(bone_head) {transformation: [-0.9834f,0.1699f,-0.0629f,0.1358f,0.1812f,0.9223f,-0.3413f,1.4873f,0f,-0.3471f,-0.9378f,-0.0216f,0f,0f,0f,1f],start_interpolation: 0,interpolation_duration: 1}
$data merge entity $(item_display_tingles_pack) {transformation: [-0.4917f,0.0906f,-0.0013f,0.0893f,0.0906f,0.4915f,-0.0071f,1.2344f,0f,-0.0144f,-0.2499f,-0.2643f,0f,0f,0f,1f],start_interpolation: 0,interpolation_duration: 1}
$data merge entity $(item_display_tingles_ballon_small) {transformation: [0f,0f,0f,0.2112f,0f,0f,0f,1.8961f,0f,0f,0f,-0.7839f,0f,0f,0f,1f],start_interpolation: 0,interpolation_duration: 1}
$data merge entity $(item_display_tingles_ballon_big) {transformation: [0f,0f,0f,0.3216f,0f,0f,0f,2.4955f,0f,0f,0f,-1.3329f,0f,0f,0f,1f],start_interpolation: 0,interpolation_duration: 1}
$data merge entity $(bone_torso) {transformation: [-0.9834f,0.1811f,-0.0052f,0f,0.1812f,0.983f,-0.0283f,0.75f,0f,-0.0288f,-0.9996f,0f,0f,0f,0f,1f],start_interpolation: 0,interpolation_duration: 1}