# This file was generated by Animated Java via MC-Build. It is not recommended to edit this file directly.
$data merge entity $(bone_lowerrightleg) {transformation: [-0.9807f,0.1853f,-0.0618f,-0.1937f,0.194f,0.8876f,-0.4177f,0.431f,-0.0226f,-0.4216f,-0.9065f,0.1581f,0f,0f,0f,1f],start_interpolation: 0,interpolation_duration: 1}
$data merge entity $(bone_rightleg) {transformation: [-0.9807f,0.1853f,-0.0618f,-0.1242f,0.194f,0.8876f,-0.4177f,0.7638f,-0.0226f,-0.4216f,-0.9065f,0f,0f,0f,0f,1f],start_interpolation: 0,interpolation_duration: 1}
$data merge entity $(bone_lowerleftleg) {transformation: [-0.9994f,0.0344f,-0.0061f,0.1142f,0.0267f,0.8649f,0.5012f,0.3613f,0.0226f,0.5007f,-0.8653f,-0.0004f,0f,0f,0f,1f],start_interpolation: 0,interpolation_duration: 1}
$data merge entity $(bone_leftleg) {transformation: [-0.9994f,0.0267f,-0.0225f,0.1242f,0.0267f,0.9996f,0.0016f,0.7362f,0.0226f,0.001f,-0.9997f,0f,0f,0f,0f,1f],start_interpolation: 0,interpolation_duration: 1}
$data merge entity $(block_display_tingle_pen) {transformation: [0.3905f,0f,-0.3122f,-0.6939f,0.3122f,0f,0.3905f,1.5007f,0f,-1f,0f,0.1875f,0f,0f,0f,1f],start_interpolation: 0,interpolation_duration: 1}
$data merge entity $(bone_rightarm) {transformation: [0.7811f,0.6244f,0f,-0.3035f,0.6244f,-0.7811f,0f,1.4127f,0f,0f,-1f,0f,0f,0f,0f,1f],start_interpolation: 0,interpolation_duration: 1}
$data merge entity $(item_display_tingle_book) {transformation: [0.4969f,0f,-0.0554f,0.9691f,-0.0554f,0f,-0.4969f,1.6711f,0f,0.5f,0f,0.3125f,0f,0f,0f,1f],start_interpolation: 0,interpolation_duration: 1}
$data merge entity $(bone_leftarm) {transformation: [0.6244f,-0.7811f,0f,0.4419f,-0.7811f,-0.6244f,0f,1.3296f,0f,0f,-1f,0f,0f,0f,0f,1f],start_interpolation: 0,interpolation_duration: 1}
$data merge entity $(bone_misc_head_items) {transformation: [-0.9938f,0.0961f,-0.0551f,0.0831f,0.1108f,0.8621f,-0.4945f,1.4954f,0f,-0.4976f,-0.8674f,0f,0f,0f,0f,1f],start_interpolation: 0,interpolation_duration: 1}
$data merge entity $(bone_head) {transformation: [-0.9938f,0.0961f,-0.0551f,0.0831f,0.1108f,0.8621f,-0.4945f,1.4954f,0f,-0.4976f,-0.8674f,0f,0f,0f,0f,1f],start_interpolation: 0,interpolation_duration: 1}
$data merge entity $(item_display_tingles_pack) {transformation: [-0.4969f,0.0554f,0f,0.0554f,0.0554f,0.4969f,0f,1.2469f,0f,0f,-0.25f,-0.25f,0f,0f,0f,1f],start_interpolation: 0,interpolation_duration: 1}
$data merge entity $(item_display_tingles_ballon_small) {transformation: [0f,0f,0f,0.1315f,0f,0f,0f,1.9302f,0f,0f,0f,-0.75f,0f,0f,0f,1f],start_interpolation: 0,interpolation_duration: 1}
$data merge entity $(item_display_tingles_ballon_big) {transformation: [0f,0f,0f,0.2008f,0f,0f,0f,2.5513f,0f,0f,0f,-1.2812f,0f,0f,0f,1f],start_interpolation: 0,interpolation_duration: 1}
$data merge entity $(bone_torso) {transformation: [-0.9938f,0.1108f,0f,0f,0.1108f,0.9938f,0f,0.75f,0f,0f,-1f,0f,0f,0f,0f,1f],start_interpolation: 0,interpolation_duration: 1}