# This file was generated by Animated Java via MC-Build. It is not recommended to edit this file directly.
$data merge entity $(bone_lowerrightleg) {transformation: [-0.9915f,0.1294f,-0.0114f,-0.1735f,0.1279f,0.9575f,-0.2586f,0.3935f,-0.0226f,-0.2578f,-0.9659f,0.0848f,0f,0f,0f,1f],start_interpolation: 0,interpolation_duration: 1}
$data merge entity $(bone_rightleg) {transformation: [-0.9915f,0.1297f,-0.0071f,-0.1249f,0.1279f,0.9654f,-0.2271f,0.7555f,-0.0226f,-0.2261f,-0.9738f,0f,0f,0f,0f,1f],start_interpolation: 0,interpolation_duration: 1}
$data merge entity $(bone_lowerleftleg) {transformation: [-0.9989f,-0.0315f,-0.0338f,0.1398f,-0.0403f,0.9513f,0.3057f,0.3699f,0.0226f,0.3067f,-0.9515f,-0.0065f,0f,0f,0f,1f],start_interpolation: 0,interpolation_duration: 1}
$data merge entity $(bone_leftleg) {transformation: [-0.9989f,-0.0399f,-0.0232f,0.1249f,-0.0403f,0.9991f,0.0164f,0.7445f,0.0226f,0.0173f,-0.9996f,0f,0f,0f,0f,1f],start_interpolation: 0,interpolation_duration: 1}
$data merge entity $(block_display_tingle_pen) {transformation: [0.3399f,0f,-0.3667f,-0.7463f,0.3667f,0f,0.3399f,1.42f,0f,-1f,0f,0.1875f,0f,0f,0f,1f],start_interpolation: 0,interpolation_duration: 1}
$data merge entity $(bone_rightarm) {transformation: [0.6799f,0.7333f,0f,-0.3472f,0.7333f,-0.6799f,0f,1.3909f,0f,0f,-1f,0f,0f,0f,0f,1f],start_interpolation: 0,interpolation_duration: 1}
$data merge entity $(item_display_tingle_book) {transformation: [0.496f,0f,-0.0627f,0.9343f,-0.0627f,0f,-0.496f,1.6915f,0f,0.5f,0f,0.3125f,0f,0f,0f,1f],start_interpolation: 0,interpolation_duration: 1}
$data merge entity $(bone_leftarm) {transformation: [0.6128f,-0.7902f,0f,0.4021f,-0.7902f,-0.6128f,0f,1.3579f,0f,0f,-1f,0f,0f,0f,0f,1f],start_interpolation: 0,interpolation_duration: 1}
$data merge entity $(bone_misc_head_items) {transformation: [-0.999f,0.0421f,-0.0127f,0.033f,0.044f,0.9565f,-0.2885f,1.4993f,0f,-0.2888f,-0.9574f,0f,0f,0f,0f,1f],start_interpolation: 0,interpolation_duration: 1}
$data merge entity $(bone_head) {transformation: [-0.999f,0.0421f,-0.0127f,0.033f,0.044f,0.9565f,-0.2885f,1.4993f,0f,-0.2888f,-0.9574f,0f,0f,0f,0f,1f],start_interpolation: 0,interpolation_duration: 1}
$data merge entity $(item_display_tingles_pack) {transformation: [-0.4995f,0.022f,0f,0.022f,0.022f,0.4995f,0f,1.2495f,0f,0f,-0.25f,-0.25f,0f,0f,0f,1f],start_interpolation: 0,interpolation_duration: 1}
$data merge entity $(item_display_tingles_ballon_small) {transformation: [0f,0f,0f,0.0522f,0f,0f,0f,1.9364f,0f,0f,0f,-0.75f,0f,0f,0f,1f],start_interpolation: 0,interpolation_duration: 1}
$data merge entity $(item_display_tingles_ballon_big) {transformation: [0f,0f,0f,0.0797f,0f,0f,0f,2.5607f,0f,0f,0f,-1.2812f,0f,0f,0f,1f],start_interpolation: 0,interpolation_duration: 1}
$data merge entity $(bone_torso) {transformation: [-0.999f,0.044f,0f,0f,0.044f,0.999f,0f,0.75f,0f,0f,-1f,0f,0f,0f,0f,1f],start_interpolation: 0,interpolation_duration: 1}