# This file was generated by Animated Java via MC-Build. It is not recommended to edit this file directly.
$data merge entity $(bone_lowerrightleg) {transformation: [-0.9909f,0.1345f,-0.0109f,-0.1755f,0.1321f,0.9508f,-0.2803f,0.3933f,-0.0274f,-0.2791f,-0.9599f,0.0829f,0f,0f,0f,1f],start_interpolation: 0,interpolation_duration: 1}
$data merge entity $(bone_rightleg) {transformation: [-0.9909f,0.1349f,-0.0028f,-0.1249f,0.1321f,0.9659f,-0.2228f,0.7555f,-0.0274f,-0.2211f,-0.9749f,0f,0f,0f,0f,1f],start_interpolation: 0,interpolation_duration: 1}
$data merge entity $(bone_lowerleftleg) {transformation: [-0.9986f,-0.0332f,-0.0405f,0.1411f,-0.0446f,0.9442f,0.3263f,0.3702f,0.0274f,0.3277f,-0.9444f,-0.0168f,0f,0f,0f,1f],start_interpolation: 0,interpolation_duration: 1}
$data merge entity $(bone_leftleg) {transformation: [-0.9986f,-0.0433f,-0.0293f,0.1249f,-0.0446f,0.9981f,0.0436f,0.7445f,0.0274f,0.0449f,-0.9986f,0f,0f,0f,0f,1f],start_interpolation: 0,interpolation_duration: 1}
$data merge entity $(block_display_tingle_pen) {transformation: [0.3823f,0.0503f,-0.3213f,-0.7486f,0.3214f,-0.1337f,0.3771f,1.4905f,-0.024f,-0.9897f,-0.0673f,0.1316f,0f,0f,0f,1f],start_interpolation: 0,interpolation_duration: 1}
$data merge entity $(bone_rightarm) {transformation: [0.7645f,0.6426f,0.0503f,-0.3472f,0.6428f,-0.7543f,-0.1337f,1.3904f,-0.048f,0.1345f,-0.9897f,-0.024f,0f,0f,0f,1f],start_interpolation: 0,interpolation_duration: 1}
$data merge entity $(item_display_tingle_book) {transformation: [0.4998f,0.0072f,0.0112f,0.8836f,0.0105f,0.046f,-0.4978f,1.7924f,-0.0082f,0.4978f,0.0459f,0.2427f,0f,0f,0f,1f],start_interpolation: 0,interpolation_duration: 1}
$data merge entity $(bone_leftarm) {transformation: [0.7227f,-0.691f,-0.0145f,0.4021f,-0.6891f,-0.7188f,-0.0921f,1.3574f,0.0532f,0.0765f,-0.9956f,-0.024f,0f,0f,0f,1f],start_interpolation: 0,interpolation_duration: 1}
$data merge entity $(bone_head) {transformation: [-0.999f,0.0414f,-0.0148f,0.033f,0.044f,0.9411f,-0.3353f,1.4987f,0f,-0.3356f,-0.942f,-0.0288f,0f,0f,0f,1f],start_interpolation: 0,interpolation_duration: 1}
$data merge entity $(item_display_tingles_pack) {transformation: [-0.4995f,0.022f,-0.0004f,0.0215f,0.022f,0.4991f,-0.0096f,1.2396f,0f,-0.0192f,-0.2498f,-0.269f,0f,0f,0f,1f],start_interpolation: 0,interpolation_duration: 1}
$data merge entity $(item_display_tingles_ballon_small) {transformation: [0f,0f,0f,0.0509f,0f,0f,0f,1.9067f,0f,0f,0f,-0.795f,0f,0f,0f,1f],start_interpolation: 0,interpolation_duration: 1}
$data merge entity $(item_display_tingles_ballon_big) {transformation: [0f,0f,0f,0.0775f,0f,0f,0f,2.5103f,0f,0f,0f,-1.3499f,0f,0f,0f,1f],start_interpolation: 0,interpolation_duration: 1}
$data merge entity $(bone_torso) {transformation: [-0.999f,0.0439f,-0.0017f,0f,0.044f,0.9983f,-0.0383f,0.75f,0f,-0.0384f,-0.9993f,0f,0f,0f,0f,1f],start_interpolation: 0,interpolation_duration: 1}