# This file was generated by Animated Java via MC-Build. It is not recommended to edit this file directly.
$data merge entity $(bone_lowerrightleg) {transformation: [-1f,0f,0f,-0.125f,0f,0.9525f,0.3046f,0.3766f,0f,0.3046f,-0.9525f,0.0344f,0f,0f,0f,1f],start_interpolation: 0,interpolation_duration: 1}
$data merge entity $(bone_rightleg) {transformation: [-1f,0f,0f,-0.125f,0f,0.9958f,-0.0917f,0.75f,0f,-0.0917f,-0.9958f,0f,0f,0f,0f,1f],start_interpolation: 0,interpolation_duration: 1}
$data merge entity $(bone_lowerleftleg) {transformation: [-1f,0f,0f,0.125f,0f,0.967f,-0.2548f,0.4017f,0f,-0.2548f,-0.967f,0.139f,0f,0f,0f,1f],start_interpolation: 0,interpolation_duration: 1}
$data merge entity $(bone_leftleg) {transformation: [-1f,0f,0f,0.125f,0f,0.9287f,-0.3707f,0.75f,0f,-0.3707f,-0.9287f,0f,0f,0f,0f,1f],start_interpolation: 0,interpolation_duration: 1}
$data merge entity $(block_display_tingle_pen) {transformation: [-0.4468f,-0.0763f,0.2212f,0.0009f,-0.0732f,-0.882f,-0.224f,1.3209f,0.2122f,-0.465f,0.3885f,0.5868f,0f,0f,0f,1f],start_interpolation: 0,interpolation_duration: 1}
$data merge entity $(bone_rightarm) {transformation: [-0.8936f,-0.4423f,-0.0763f,-0.375f,-0.1464f,0.4479f,-0.882f,1.2589f,0.4243f,-0.777f,-0.465f,0.3628f,0f,0f,0f,1f],start_interpolation: 0,interpolation_duration: 1}
$data merge entity $(item_display_tingle_book) {transformation: [-0.4784f,-0.0562f,-0.1339f,-0.0188f,-0.1436f,0.1135f,0.4653f,0.8201f,-0.0219f,0.4837f,-0.1248f,0.7431f,0f,0f,0f,1f],start_interpolation: 0,interpolation_duration: 1}
$data merge entity $(bone_leftarm) {transformation: [-0.866f,0.4872f,0.1125f,0.375f,0.4549f,0.8611f,-0.227f,1.2589f,-0.2074f,-0.1454f,-0.9674f,0.3628f,0f,0f,0f,1f],start_interpolation: 0,interpolation_duration: 1}
$data merge entity $(bone_head) {transformation: [-1f,0f,0f,0f,0f,0.6639f,0.7479f,1.3607f,0f,0.7479f,-0.6639f,0.4354f,0f,0f,0f,1f],start_interpolation: 0,interpolation_duration: 1}
$data merge entity $(item_display_tingles_pack) {transformation: [-0.5f,0f,0f,0f,0f,0.4071f,0.1451f,1.3023f,0f,0.2903f,-0.2036f,0.0867f,0f,0f,0f,1f],start_interpolation: 0,interpolation_duration: 1}
$data merge entity $(item_display_tingles_ballon_small) {transformation: [0f,0f,0f,0f,0f,0f,0f,2.1523f,0f,0f,0f,0.0787f,0f,0f,0f,1f],start_interpolation: 0,interpolation_duration: 1}
$data merge entity $(item_display_tingles_ballon_big) {transformation: [0f,0f,0f,0f,0f,0f,0f,2.9696f,0f,0f,0f,0.009f,0f,0f,0f,1f],start_interpolation: 0,interpolation_duration: 1}
$data merge entity $(bone_torso) {transformation: [-1f,0f,0f,0f,0f,0.8142f,0.5805f,0.75f,0f,0.5805f,-0.8142f,0f,0f,0f,0f,1f],start_interpolation: 0,interpolation_duration: 1}