# This file was generated by Animated Java via MC-Build. It is not recommended to edit this file directly.
$data merge entity $(bone_lowerrightleg) {transformation: [-1f,0f,0f,-0.125f,0f,0.9472f,0.3207f,0.3766f,0f,0.3207f,-0.9472f,0.0346f,0f,0f,0f,1f],start_interpolation: 0,interpolation_duration: 1}
$data merge entity $(bone_rightleg) {transformation: [-1f,0f,0f,-0.125f,0f,0.9957f,-0.0923f,0.75f,0f,-0.0923f,-0.9957f,0f,0f,0f,0f,1f],start_interpolation: 0,interpolation_duration: 1}
$data merge entity $(bone_lowerleftleg) {transformation: [-1f,0f,0f,0.125f,0f,0.9518f,-0.3066f,0.407f,0f,-0.3066f,-0.9518f,0.1517f,0f,0f,0f,1f],start_interpolation: 0,interpolation_duration: 1}
$data merge entity $(bone_leftleg) {transformation: [-1f,0f,0f,0.125f,0f,0.9146f,-0.4044f,0.75f,0f,-0.4044f,-0.9146f,0f,0f,0f,0f,1f],start_interpolation: 0,interpolation_duration: 1}
$data merge entity $(block_display_tingle_pen) {transformation: [-0.4725f,-0.0771f,0.159f,-0.025f,-0.04f,-0.8879f,-0.2265f,1.3074f,0.1586f,-0.4534f,0.4165f,0.6238f,0f,0f,0f,1f],start_interpolation: 0,interpolation_duration: 1}
$data merge entity $(bone_rightarm) {transformation: [-0.945f,-0.3179f,-0.0771f,-0.375f,-0.08f,0.4529f,-0.8879f,1.2624f,0.3172f,-0.8329f,-0.4534f,0.3578f,0f,0f,0f,1f],start_interpolation: 0,interpolation_duration: 1}
$data merge entity $(item_display_tingle_book) {transformation: [-0.4786f,-0.0552f,-0.1338f,-0.0184f,-0.1434f,0.1201f,0.4637f,0.8292f,-0.019f,0.4822f,-0.1308f,0.7447f,0f,0f,0f,1f],start_interpolation: 0,interpolation_duration: 1}
$data merge entity $(bone_leftarm) {transformation: [-0.866f,0.4877f,0.1103f,0.375f,0.4529f,0.8586f,-0.2403f,1.2624f,-0.2119f,-0.1581f,-0.9644f,0.3578f,0f,0f,0f,1f],start_interpolation: 0,interpolation_duration: 1}
$data merge entity $(bone_head) {transformation: [-1f,0f,0f,0f,0f,0.6902f,0.7237f,1.3649f,0f,0.7237f,-0.6902f,0.4294f,0f,0f,0f,1f],start_interpolation: 0,interpolation_duration: 1}
$data merge entity $(item_display_tingles_pack) {transformation: [-0.5f,0f,0f,0f,0f,0.41f,0.1431f,1.3031f,0f,0.2862f,-0.205f,0.0813f,0f,0f,0f,1f],start_interpolation: 0,interpolation_duration: 1}
$data merge entity $(item_display_tingles_ballon_small) {transformation: [0f,0f,0f,0f,0f,0f,0f,2.153f,0f,0f,0f,0.0649f,0f,0f,0f,1f],start_interpolation: 0,interpolation_duration: 1}
$data merge entity $(item_display_tingles_ballon_big) {transformation: [0f,0f,0f,0f,0f,0f,0f,2.9696f,0f,0f,0f,-0.0129f,0f,0f,0f,1f],start_interpolation: 0,interpolation_duration: 1}
$data merge entity $(bone_torso) {transformation: [-1f,0f,0f,0f,0f,0.8199f,0.5725f,0.75f,0f,0.5725f,-0.8199f,0f,0f,0f,0f,1f],start_interpolation: 0,interpolation_duration: 1}