# This file was generated by Animated Java via MC-Build. It is not recommended to edit this file directly.
$data merge entity $(bone_rightarm) {transformation: [-0.9757f,0.2138f,0.048f,-0.375f,-0.2116f,-0.8628f,-0.459f,0.9787f,-0.0567f,-0.458f,0.8871f,0.1618f,0f,0f,0f,1f],start_interpolation: 0,interpolation_duration: 1}
$data merge entity $(bone_leftarm) {transformation: [-0.9757f,-0.2138f,-0.048f,0.375f,0.2116f,-0.8628f,-0.459f,0.9787f,0.0567f,-0.458f,0.8871f,0.1618f,0f,0f,0f,1f],start_interpolation: 0,interpolation_duration: 1}
$data merge entity $(bone_hat) {transformation: [-1f,0f,0f,0f,0f,0.932f,0.3624f,1.0994f,0f,0.3624f,-0.932f,0.1941f,0f,0f,0f,1f],start_interpolation: 0,interpolation_duration: 1}
$data merge entity $(bone_head) {transformation: [-1f,0f,0f,0f,0f,0.932f,0.3624f,1.0994f,0f,0.3624f,-0.932f,0.1941f,0f,0f,0f,1f],start_interpolation: 0,interpolation_duration: 1}