# This file was generated by Animated Java via MC-Build. It is not recommended to edit this file directly.
$data merge entity $(bone_lower_rightleg) {transformation: [-1f,0f,0f,-0.125f,0f,1f,0f,0.3807f,0f,0f,-1f,0.0861f,0f,0f,0f,1f],start_interpolation: 0,interpolation_duration: 1}
$data merge entity $(bone_rightleg) {transformation: [-1f,0f,0f,-0.125f,0f,0.9605f,-0.2784f,0.7408f,0f,-0.2784f,-0.9605f,-0.0183f,0f,0f,0f,1f],start_interpolation: 0,interpolation_duration: 1}
$data merge entity $(bone_lower_leftleg) {transformation: [-1f,0f,0f,0.125f,0f,1f,0f,0.3807f,0f,0f,-1f,0.0861f,0f,0f,0f,1f],start_interpolation: 0,interpolation_duration: 1}
$data merge entity $(bone_leftleg) {transformation: [-1f,0f,0f,0.125f,0f,0.9605f,-0.2784f,0.7408f,0f,-0.2784f,-0.9605f,-0.0183f,0f,0f,0f,1f],start_interpolation: 0,interpolation_duration: 1}
$data merge entity $(bone_rightarm) {transformation: [-0.9962f,0.0483f,-0.0725f,-0.375f,0.0851f,0.7193f,-0.6895f,1.351f,0.0189f,-0.693f,-0.7207f,0.1169f,0f,0f,0f,1f],start_interpolation: 0,interpolation_duration: 1}
$data merge entity $(bone_leftarm) {transformation: [-1f,0f,0f,0.375f,0f,0.1794f,-0.9838f,1.351f,0f,-0.9838f,-0.1794f,0.1169f,0f,0f,0f,1f],start_interpolation: 0,interpolation_duration: 1}
$data merge entity $(bone_hat) {transformation: [-1f,0f,0f,0f,0f,1f,0f,1.4731f,0f,0f,-1f,0.144f,0f,0f,0f,1f],start_interpolation: 0,interpolation_duration: 1}
$data merge entity $(bone_head) {transformation: [-1f,0f,0f,0f,0f,1f,0f,1.4731f,0f,0f,-1f,0.144f,0f,0f,0f,1f],start_interpolation: 0,interpolation_duration: 1}
$data merge entity $(bone_torso) {transformation: [-1f,0f,0f,0f,0f,0.9763f,0.2164f,0.7408f,0f,0.2164f,-0.9763f,-0.0183f,0f,0f,0f,1f],start_interpolation: 0,interpolation_duration: 1}