# This file was generated by Animated Java via MC-Build. It is not recommended to edit this file directly.
$data merge entity $(bone_lower_rightleg) {transformation: [-1f,0f,0f,-0.125f,0f,1f,0f,0.3814f,0f,0f,-1f,0.0848f,0f,0f,0f,1f],start_interpolation: 0,interpolation_duration: 1}
$data merge entity $(bone_rightleg) {transformation: [-1f,0f,0f,-0.125f,0f,0.9652f,-0.2616f,0.7433f,0f,-0.2616f,-0.9652f,-0.0133f,0f,0f,0f,1f],start_interpolation: 0,interpolation_duration: 1}
$data merge entity $(bone_lower_leftleg) {transformation: [-1f,0f,0f,0.125f,0f,1f,0f,0.3814f,0f,0f,-1f,0.0848f,0f,0f,0f,1f],start_interpolation: 0,interpolation_duration: 1}
$data merge entity $(bone_leftleg) {transformation: [-1f,0f,0f,0.125f,0f,0.9652f,-0.2616f,0.7433f,0f,-0.2616f,-0.9652f,-0.0133f,0f,0f,0f,1f],start_interpolation: 0,interpolation_duration: 1}
$data merge entity $(bone_rightarm) {transformation: [-0.9962f,0.047f,-0.0734f,-0.375f,0.0851f,0.7072f,-0.7019f,1.3535f,0.0189f,-0.7055f,-0.7085f,0.1219f,0f,0f,0f,1f],start_interpolation: 0,interpolation_duration: 1}
$data merge entity $(bone_leftarm) {transformation: [-1f,0f,0f,0.375f,0f,0.119f,-0.9929f,1.3535f,0f,-0.9929f,-0.119f,0.1219f,0f,0f,0f,1f],start_interpolation: 0,interpolation_duration: 1}
$data merge entity $(bone_hat) {transformation: [-1f,0f,0f,0f,0f,1f,0f,1.4756f,0f,0f,-1f,0.149f,0f,0f,0f,1f],start_interpolation: 0,interpolation_duration: 1}
$data merge entity $(bone_head) {transformation: [-1f,0f,0f,0f,0f,1f,0f,1.4756f,0f,0f,-1f,0.149f,0f,0f,0f,1f],start_interpolation: 0,interpolation_duration: 1}
$data merge entity $(bone_torso) {transformation: [-1f,0f,0f,0f,0f,0.9763f,0.2164f,0.7433f,0f,0.2164f,-0.9763f,-0.0133f,0f,0f,0f,1f],start_interpolation: 0,interpolation_duration: 1}