# This file was generated by Animated Java via MC-Build. It is not recommended to edit this file directly.
$data merge entity $(bone_lower_rightleg) {transformation: [-1f,0f,0f,-0.125f,0f,1f,0f,0.3829f,0f,0f,-1f,0.0825f,0f,0f,0f,1f],start_interpolation: 0,interpolation_duration: 1}
$data merge entity $(bone_rightleg) {transformation: [-1f,0f,0f,-0.125f,0f,0.9724f,-0.2334f,0.7475f,0f,-0.2334f,-0.9724f,-0.005f,0f,0f,0f,1f],start_interpolation: 0,interpolation_duration: 1}
$data merge entity $(bone_lower_leftleg) {transformation: [-1f,0f,0f,0.125f,0f,1f,0f,0.3829f,0f,0f,-1f,0.0825f,0f,0f,0f,1f],start_interpolation: 0,interpolation_duration: 1}
$data merge entity $(bone_leftleg) {transformation: [-1f,0f,0f,0.125f,0f,0.9724f,-0.2334f,0.7475f,0f,-0.2334f,-0.9724f,-0.005f,0f,0f,0f,1f],start_interpolation: 0,interpolation_duration: 1}
$data merge entity $(bone_rightarm) {transformation: [-0.9962f,0.0449f,-0.0747f,-0.375f,0.0851f,0.6864f,-0.7222f,1.3577f,0.0189f,-0.7258f,-0.6876f,0.1303f,0f,0f,0f,1f],start_interpolation: 0,interpolation_duration: 1}
$data merge entity $(bone_leftarm) {transformation: [-1f,0f,0f,0.375f,0f,0.0175f,-0.9998f,1.3577f,0f,-0.9998f,-0.0175f,0.1303f,0f,0f,0f,1f],start_interpolation: 0,interpolation_duration: 1}
$data merge entity $(bone_hat) {transformation: [-1f,0f,0f,0f,0f,1f,0f,1.4797f,0f,0f,-1f,0.1573f,0f,0f,0f,1f],start_interpolation: 0,interpolation_duration: 1}
$data merge entity $(bone_head) {transformation: [-1f,0f,0f,0f,0f,1f,0f,1.4797f,0f,0f,-1f,0.1573f,0f,0f,0f,1f],start_interpolation: 0,interpolation_duration: 1}
$data merge entity $(bone_torso) {transformation: [-1f,0f,0f,0f,0f,0.9763f,0.2164f,0.7475f,0f,0.2164f,-0.9763f,-0.005f,0f,0f,0f,1f],start_interpolation: 0,interpolation_duration: 1}