# This file was generated by Animated Java via MC-Build. It is not recommended to edit this file directly.
$data merge entity $(bone_rightarm) {transformation: [-0.6089f,-0.7912f,0.0564f,-0.375f,-0.3821f,0.2303f,-0.895f,1.375f,0.6951f,-0.5665f,-0.4425f,0f,0f,0f,0f,1f],start_interpolation: 0,interpolation_duration: 1}
$data merge entity $(bone_leftarm) {transformation: [-0.6088f,0.7903f,0.0691f,0.375f,0.3967f,0.3787f,-0.8362f,1.375f,-0.6871f,-0.4816f,-0.544f,0f,0f,0f,0f,1f],start_interpolation: 0,interpolation_duration: 1}
$data merge entity $(bone_hat) {transformation: [-0.9962f,-0.0868f,-0.0076f,0f,-0.0872f,0.9924f,0.0868f,1.5f,0f,0.0872f,-0.9962f,0f,0f,0f,0f,1f],start_interpolation: 0,interpolation_duration: 1}
$data merge entity $(bone_head) {transformation: [-0.9962f,-0.0868f,-0.0076f,0f,-0.0872f,0.9924f,0.0868f,1.5f,0f,0.0872f,-0.9962f,0f,0f,0f,0f,1f],start_interpolation: 0,interpolation_duration: 1}