execute if entity @s[tag=aj.banker.bone.lower_rightleg] run data modify entity @s {} merge value {transformation:[-1f,-1.224646799147353e-16f,1.232595164407831e-32f,-0.12500000000000003f,0f,2.220446049250313e-16f,1f,0.1098349570550447f,-1.2246467991473532e-16f,1f,-2.220446049250313e-16f,0.2651650429449553f,0f,0f,0f,1f],start_interpolation:0}
execute if entity @s[tag=aj.banker.bone.rightleg] run data modify entity @s {} merge value {transformation:[-1f,8.659560562354932e-17f,8.659560562354932e-17f,-0.125f,0f,0.7071067811865475f,-0.7071067811865475f,0.375f,-1.2246467991473532e-16f,-0.7071067811865475f,-0.7071067811865475f,-1.5308084989341915e-17f,0f,0f,0f,1f],start_interpolation:0}
execute if entity @s[tag=aj.banker.bone.lower_leftleg] run data modify entity @s {} merge value {transformation:[-1f,-1.224646799147353e-16f,1.232595164407831e-32f,0.12499999999999997f,0f,2.220446049250313e-16f,1f,0.1098349570550447f,-1.2246467991473532e-16f,1f,-2.220446049250313e-16f,0.2651650429449553f,0f,0f,0f,1f],start_interpolation:0}
execute if entity @s[tag=aj.banker.bone.leftleg] run data modify entity @s {} merge value {transformation:[-1f,8.659560562354932e-17f,8.659560562354932e-17f,0.125f,0f,0.7071067811865475f,-0.7071067811865475f,0.375f,-1.2246467991473532e-16f,-0.7071067811865475f,-0.7071067811865475f,1.5308084989341915e-17f,0f,0f,0f,1f],start_interpolation:0}
execute if entity @s[tag=aj.banker.bone.rightarm] run data modify entity @s {} merge value {transformation:[-0.9659258262890683f,-0.18369766203002935f,-0.18232516851077282f,-0.375f,-0.06792425767842714f,0.8596785074957801f,-0.5062994755761284f,0.9780928350821696f,0.24974705869462255f,-0.47666343756840546f,-0.8428632000264666f,0.16402448680776577f,0f,0f,0f,1f],start_interpolation:0}
execute if entity @s[tag=aj.banker.bone.leftarm] run data modify entity @s {} merge value {transformation:[-0.9659258262890683f,0.18369766203002946f,0.18232516851077304f,0.375f,0.06792425767842714f,0.8596785074957801f,-0.5062994755761284f,0.9780928350821696f,-0.24974705869462277f,-0.4766634375684054f,-0.8428632000264665f,0.16402448680776588f,0f,0f,0f,1f],start_interpolation:0}
execute if entity @s[tag=aj.banker.bone.hat] run data modify entity @s {} merge value {transformation:[-1f,-6.162975822039155e-33f,1.224646799147353e-16f,-2.410464753011012e-17f,0f,0.9999999999999999f,0f,1.0987114020986035f,-1.2246467991473532e-16f,0f,-0.9999999999999999f,0.19682938416931897f,0f,0f,0f,1f],start_interpolation:0}
execute if entity @s[tag=aj.banker.bone.head] run data modify entity @s {} merge value {transformation:[-1f,-6.162975822039155e-33f,1.224646799147353e-16f,-2.410464753011012e-17f,0f,0.9999999999999999f,0f,1.0987114020986035f,-1.2246467991473532e-16f,0f,-0.9999999999999999f,0.19682938416931897f,0f,0f,0f,1f],start_interpolation:0}
execute if entity @s[tag=aj.banker.bone.torso] run data modify entity @s {} merge value {transformation:[-1f,-3.213953004014683e-17f,1.1817211361153304e-16f,0f,0f,0.9649485361314714f,0.2624391788924253f,0.375f,-1.2246467991473532e-16f,0.2624391788924253f,-0.9649485361314714f,0f,0f,0f,0f,1f],start_interpolation:0}