execute if entity @s[tag=aj.banker.bone.lower_rightleg] run data modify entity @s {} merge value {transformation:[-1f,-1.2246467991473532e-16f,2.465190328815662e-32f,-0.12500000000000003f,0f,2.220446049250313e-16f,1f,0.1098349570550447f,-1.2246467991473532e-16f,1f,-2.220446049250313e-16f,0.26516504294495535f,0f,0f,0f,1f],start_interpolation:0}
execute if entity @s[tag=aj.banker.bone.rightleg] run data modify entity @s {} merge value {transformation:[-1f,8.659560562354933e-17f,8.659560562354933e-17f,-0.125f,0f,0.7071067811865475f,-0.7071067811865476f,0.375f,-1.2246467991473532e-16f,-0.7071067811865476f,-0.7071067811865475f,-1.5308084989341915e-17f,0f,0f,0f,1f],start_interpolation:0}
execute if entity @s[tag=aj.banker.bone.lower_leftleg] run data modify entity @s {} merge value {transformation:[-1f,-1.2246467991473532e-16f,2.465190328815662e-32f,0.12499999999999997f,0f,2.220446049250313e-16f,1f,0.1098349570550447f,-1.2246467991473532e-16f,1f,-2.220446049250313e-16f,0.26516504294495535f,0f,0f,0f,1f],start_interpolation:0}
execute if entity @s[tag=aj.banker.bone.leftleg] run data modify entity @s {} merge value {transformation:[-1f,8.659560562354933e-17f,8.659560562354933e-17f,0.125f,0f,0.7071067811865475f,-0.7071067811865476f,0.375f,-1.2246467991473532e-16f,-0.7071067811865476f,-0.7071067811865475f,1.5308084989341915e-17f,0f,0f,0f,1f],start_interpolation:0}
execute if entity @s[tag=aj.banker.bone.rightarm] run data modify entity @s {} merge value {transformation:[-0.9659258262890683f,-0.1908214162889258f,-0.17485561241569877f,-0.375f,-0.077828387884486f,0.8584710377931056f,-0.5069223010577955f,0.9710730942176419f,0.24684011049074372f,-0.47604061208673876f,-0.8440706697291409f,0.1879411246901706f,0f,0f,0f,1f],start_interpolation:0}
execute if entity @s[tag=aj.banker.bone.leftarm] run data modify entity @s {} merge value {transformation:[-0.9659258262890683f,0.1908214162889259f,0.174855612415699f,0.375f,0.077828387884486f,0.8584710377931056f,-0.5069223010577955f,0.9710730942176419f,-0.24684011049074395f,-0.47604061208673865f,-0.8440706697291409f,0.1879411246901707f,0f,0f,0f,1f],start_interpolation:0}
execute if entity @s[tag=aj.banker.bone.hat] run data modify entity @s {} merge value {transformation:[-1f,0f,1.224646799147353e-16f,-2.7619379613596534e-17f,0f,1f,0f,1.0902877130611701f,-1.2246467991473532e-16f,0f,-1f,0.2255293496282048f,0f,0f,0f,1f],start_interpolation:0}
execute if entity @s[tag=aj.banker.bone.head] run data modify entity @s {} merge value {transformation:[-1f,0f,1.224646799147353e-16f,-2.7619379613596534e-17f,0f,1f,0f,1.0902877130611701f,-1.2246467991473532e-16f,0f,-1f,0.2255293496282048f,0f,0f,0f,1f],start_interpolation:0}
execute if entity @s[tag=aj.banker.bone.torso] run data modify entity @s {} merge value {transformation:[-1f,-3.6825839484795376e-17f,1.16796641102639e-16f,0f,0f,0.9537169507482269f,0.30070579950427306f,0.375f,-1.2246467991473532e-16f,0.30070579950427306f,-0.9537169507482269f,0f,0f,0f,0f,1f],start_interpolation:0}