execute if entity @s[tag=aj.banker.bone.lower_rightleg] run data modify entity @s {} merge value {transformation:[-1f,-1.2246467991473535e-16f,1.232595164407831e-32f,-0.12500000000000003f,0f,1.1102230246251565e-16f,1f,0.10983495705504465f,-1.2246467991473532e-16f,1f,-1.1102230246251565e-16f,0.2651650429449553f,0f,0f,0f,1f],start_interpolation:0}
execute if entity @s[tag=aj.banker.bone.rightleg] run data modify entity @s {} merge value {transformation:[-1f,8.659560562354933e-17f,8.659560562354934e-17f,-0.125f,0f,0.7071067811865476f,-0.7071067811865475f,0.375f,-1.2246467991473532e-16f,-0.7071067811865475f,-0.7071067811865476f,-1.5308084989341915e-17f,0f,0f,0f,1f],start_interpolation:0}
execute if entity @s[tag=aj.banker.bone.lower_leftleg] run data modify entity @s {} merge value {transformation:[-1f,-1.2246467991473535e-16f,1.232595164407831e-32f,0.12499999999999997f,0f,1.1102230246251565e-16f,1f,0.10983495705504465f,-1.2246467991473532e-16f,1f,-1.1102230246251565e-16f,0.2651650429449553f,0f,0f,0f,1f],start_interpolation:0}
execute if entity @s[tag=aj.banker.bone.leftleg] run data modify entity @s {} merge value {transformation:[-1f,8.659560562354933e-17f,8.659560562354934e-17f,0.125f,0f,0.7071067811865476f,-0.7071067811865475f,0.375f,-1.2246467991473532e-16f,-0.7071067811865475f,-0.7071067811865476f,1.5308084989341915e-17f,0f,0f,0f,1f],start_interpolation:0}
execute if entity @s[tag=aj.banker.bone.rightarm] run data modify entity @s {} merge value {transformation:[-0.9659258262890683f,-0.18549106023850018f,-0.1805003176711268f,-0.375f,-0.07038981150588737f,0.8593839117242518f,-0.506462798935607f,0.976441903442014f,0.24906339061360716f,-0.476500114208927f,-0.8431577957979949f,0.16997834210289003f,0f,0f,0f,1f],start_interpolation:0}
execute if entity @s[tag=aj.banker.bone.leftarm] run data modify entity @s {} merge value {transformation:[-0.9659258262890683f,0.1854910602385003f,0.180500317671127f,0.375f,0.07038981150588737f,0.8593839117242518f,-0.506462798935607f,0.976441903442014f,-0.24906339061360738f,-0.47650011420892696f,-0.8431577957979949f,0.16997834210289015f,0f,0f,0f,1f],start_interpolation:0}
execute if entity @s[tag=aj.banker.bone.hat] run data modify entity @s {} merge value {transformation:[-1f,0f,1.2246467991473532e-16f,-2.4979611909681373e-17f,0f,1f,0f,1.0967302841304167f,-1.2246467991473532e-16f,0f,-1f,0.20397401052346809f,0f,0f,0f,1f],start_interpolation:0}
execute if entity @s[tag=aj.banker.bone.head] run data modify entity @s {} merge value {transformation:[-1f,0f,1.2246467991473532e-16f,-2.4979611909681373e-17f,0f,1f,0f,1.0967302841304167f,-1.2246467991473532e-16f,0f,-1f,0.20397401052346809f,0f,0f,0f,1f],start_interpolation:0}
execute if entity @s[tag=aj.banker.bone.torso] run data modify entity @s {} merge value {transformation:[-1f,-3.33061492129085e-17f,1.1784862430773662e-16f,0f,0f,0.9623070455072223f,0.27196534736462413f,0.375f,-1.2246467991473532e-16f,0.27196534736462413f,-0.9623070455072223f,0f,0f,0f,0f,1f],start_interpolation:0}