execute if entity @s[tag=aj.banker.bone.lower_rightleg] run data modify entity @s {} merge value {transformation:[-1f,-1.224646799147353e-16f,3.697785493223493e-32f,-0.12500000000000003f,0f,2.220446049250313e-16f,1f,0.1098349570550447f,-1.2246467991473532e-16f,1f,-2.220446049250313e-16f,0.2651650429449553f,0f,0f,0f,1f],start_interpolation:0}
execute if entity @s[tag=aj.banker.bone.rightleg] run data modify entity @s {} merge value {transformation:[-1f,8.659560562354933e-17f,8.65956056235493e-17f,-0.125f,0f,0.7071067811865475f,-0.7071067811865475f,0.375f,-1.2246467991473532e-16f,-0.7071067811865475f,-0.7071067811865475f,-1.5308084989341915e-17f,0f,0f,0f,1f],start_interpolation:0}
execute if entity @s[tag=aj.banker.bone.lower_leftleg] run data modify entity @s {} merge value {transformation:[-1f,-1.224646799147353e-16f,3.697785493223493e-32f,0.12499999999999997f,0f,2.220446049250313e-16f,1f,0.1098349570550447f,-1.2246467991473532e-16f,1f,-2.220446049250313e-16f,0.2651650429449553f,0f,0f,0f,1f],start_interpolation:0}
execute if entity @s[tag=aj.banker.bone.leftleg] run data modify entity @s {} merge value {transformation:[-1f,8.659560562354933e-17f,8.65956056235493e-17f,0.125f,0f,0.7071067811865475f,-0.7071067811865475f,0.375f,-1.2246467991473532e-16f,-0.7071067811865475f,-0.7071067811865475f,1.5308084989341915e-17f,0f,0f,0f,1f],start_interpolation:0}
execute if entity @s[tag=aj.banker.bone.rightarm] run data modify entity @s {} merge value {transformation:[-0.9659258262890683f,-0.19359826857776136f,-0.17177604172722571f,-0.375f,-0.0817729978534111f,0.8579726529689531f,-0.5071450518140568f,0.9679856081710599f,0.24556155018619388f,-0.4758178613304773f,-0.8445690545532935f,0.19746662629922582f,0f,0f,0f,1f],start_interpolation:0}
execute if entity @s[tag=aj.banker.bone.leftarm] run data modify entity @s {} merge value {transformation:[-0.9659258262890683f,0.19359826857776147f,0.17177604172722594f,0.375f,0.0817729978534111f,0.8579726529689531f,-0.5071450518140568f,0.9679856081710599f,-0.2455615501861941f,-0.4758178613304773f,-0.8445690545532935f,0.19746662629922593f,0f,0f,0f,1f],start_interpolation:0}
execute if entity @s[tag=aj.banker.bone.hat] run data modify entity @s {} merge value {transformation:[-1f,0f,1.224646799147353e-16f,-2.901922462029282e-17f,0f,0.9999999999999999f,0f,1.086582729805272f,-1.2246467991473532e-16f,0f,-0.9999999999999999f,0.23695995155907107f,0f,0f,0f,1f],start_interpolation:0}
execute if entity @s[tag=aj.banker.bone.head] run data modify entity @s {} merge value {transformation:[-1f,0f,1.224646799147353e-16f,-2.901922462029282e-17f,0f,0.9999999999999999f,0f,1.086582729805272f,-1.2246467991473532e-16f,0f,-0.9999999999999999f,0.23695995155907107f,0f,0f,0f,1f],start_interpolation:0}
execute if entity @s[tag=aj.banker.bone.torso] run data modify entity @s {} merge value {transformation:[-1f,-3.869229949372376e-17f,1.1619166831794161e-16f,0f,0f,0.9487769730736959f,0.3159466020787614f,0.375f,-1.2246467991473532e-16f,0.3159466020787614f,-0.9487769730736959f,0f,0f,0f,0f,1f],start_interpolation:0}