execute if entity @s[tag=aj.banker.bone.lower_rightleg] run data modify entity @s {} merge value {transformation:[-1f,-1.2246467991473535e-16f,1.232595164407831e-32f,-0.12500000000000003f,0f,0f,1f,0.10983495705504465f,-1.2246467991473532e-16f,1f,0f,0.2651650429449553f,0f,0f,0f,1f],start_interpolation:0}
execute if entity @s[tag=aj.banker.bone.rightleg] run data modify entity @s {} merge value {transformation:[-1f,8.659560562354933e-17f,8.659560562354934e-17f,-0.125f,0f,0.7071067811865477f,-0.7071067811865475f,0.375f,-1.2246467991473532e-16f,-0.7071067811865475f,-0.7071067811865477f,-1.5308084989341915e-17f,0f,0f,0f,1f],start_interpolation:0}
execute if entity @s[tag=aj.banker.bone.lower_leftleg] run data modify entity @s {} merge value {transformation:[-1f,-1.2246467991473535e-16f,1.232595164407831e-32f,0.12499999999999997f,0f,0f,1f,0.10983495705504465f,-1.2246467991473532e-16f,1f,0f,0.2651650429449553f,0f,0f,0f,1f],start_interpolation:0}
execute if entity @s[tag=aj.banker.bone.leftleg] run data modify entity @s {} merge value {transformation:[-1f,8.659560562354933e-17f,8.659560562354934e-17f,0.125f,0f,0.7071067811865477f,-0.7071067811865475f,0.375f,-1.2246467991473532e-16f,-0.7071067811865475f,-0.7071067811865477f,1.5308084989341915e-17f,0f,0f,0f,1f],start_interpolation:0}
execute if entity @s[tag=aj.banker.bone.rightarm] run data modify entity @s {} merge value {transformation:[-0.9659258262890683f,-0.18301270189221924f,-0.18301270189221916f,-0.375f,-0.06698729810778065f,0.8597893971888562f,-0.5062360065955824f,0.9787036414306677f,0.24999999999999983f,-0.47672690654895156f,-0.8427523103333904f,0.1617619031890754f,0f,0f,0f,1f],start_interpolation:0}
execute if entity @s[tag=aj.banker.bone.leftarm] run data modify entity @s {} merge value {transformation:[-0.9659258262890683f,0.18301270189221935f,0.18301270189221938f,0.375f,0.06698729810778065f,0.8597893971888562f,-0.5062360065955824f,0.9787036414306677f,-0.25000000000000006f,-0.47672690654895156f,-0.8427523103333904f,0.16176190318907552f,0f,0f,0f,1f],start_interpolation:0}
execute if entity @s[tag=aj.banker.bone.hat] run data modify entity @s {} merge value {transformation:[-1f,0f,1.2246467991473532e-16f,-2.3772143635738236e-17f,0f,1f,0f,1.0994443697168013f,-1.2246467991473532e-16f,0f,-1f,0.19411428382689055f,0f,0f,0f,1f],start_interpolation:0}
execute if entity @s[tag=aj.banker.bone.head] run data modify entity @s {} merge value {transformation:[-1f,0f,1.2246467991473532e-16f,-2.3772143635738236e-17f,0f,1f,0f,1.0994443697168013f,-1.2246467991473532e-16f,0f,-1f,0.19411428382689055f,0f,0f,0f,1f],start_interpolation:0}
execute if entity @s[tag=aj.banker.bone.torso] run data modify entity @s {} merge value {transformation:[-1f,-3.169619151431765e-17f,1.1829179713786698e-16f,0f,0f,0.9659258262890683f,0.25881904510252074f,0.375f,-1.2246467991473532e-16f,0.25881904510252074f,-0.9659258262890683f,0f,0f,0f,0f,1f],start_interpolation:0}