execute if entity @s[tag=aj.banker.bone.lower_rightleg] run data modify entity @s {} merge value {transformation:[-1f,-1.2246467991473532e-16f,4.930380657631324e-32f,-0.12500000000000003f,0f,3.885780586188048e-16f,1f,0.10983495705504476f,-1.2246467991473532e-16f,1f,-3.885780586188048e-16f,0.26516504294495535f,0f,0f,0f,1f],start_interpolation:0}
execute if entity @s[tag=aj.banker.bone.rightleg] run data modify entity @s {} merge value {transformation:[-1f,8.659560562354934e-17f,8.65956056235493e-17f,-0.125f,0f,0.7071067811865474f,-0.7071067811865477f,0.375f,-1.2246467991473532e-16f,-0.7071067811865477f,-0.7071067811865474f,-1.5308084989341915e-17f,0f,0f,0f,1f],start_interpolation:0}
execute if entity @s[tag=aj.banker.bone.lower_leftleg] run data modify entity @s {} merge value {transformation:[-1f,-1.2246467991473532e-16f,4.930380657631324e-32f,0.12499999999999997f,0f,3.885780586188048e-16f,1f,0.10983495705504476f,-1.2246467991473532e-16f,1f,-3.885780586188048e-16f,0.26516504294495535f,0f,0f,0f,1f],start_interpolation:0}
execute if entity @s[tag=aj.banker.bone.leftleg] run data modify entity @s {} merge value {transformation:[-1f,8.659560562354934e-17f,8.65956056235493e-17f,0.125f,0f,0.7071067811865474f,-0.7071067811865477f,0.375f,-1.2246467991473532e-16f,-0.7071067811865477f,-0.7071067811865474f,1.5308084989341915e-17f,0f,0f,0f,1f],start_interpolation:0}
execute if entity @s[tag=aj.banker.bone.rightarm] run data modify entity @s {} merge value {transformation:[-0.9659258262890683f,-0.1982668912741461f,-0.16636567534280178f,-0.375f,-0.08852132690137685f,0.8570978806492815f,-0.507491081370037f,0.9623078879911928f,0.2432103468016938f,-0.47547183177449726f,-0.8454438268729652f,0.21376258957854286f,0f,0f,0f,1f],start_interpolation:0}
execute if entity @s[tag=aj.banker.bone.leftarm] run data modify entity @s {} merge value {transformation:[-0.9659258262890683f,0.1982668912741462f,0.166365675342802f,0.375f,0.08852132690137685f,0.8570978806492815f,-0.507491081370037f,0.9623078879911928f,-0.243210346801694f,-0.47547183177449714f,-0.8454438268729652f,0.21376258957854297f,0f,0f,0f,1f],start_interpolation:0}
execute if entity @s[tag=aj.banker.bone.hat] run data modify entity @s {} merge value {transformation:[-1f,-6.162975822039155e-33f,1.2246467991473532e-16f,-3.1414040532577434e-17f,0f,1f,0f,1.0797694655894312f,-1.2246467991473532e-16f,0f,-1f,0.2565151074942515f,0f,0f,0f,1f],start_interpolation:0}
execute if entity @s[tag=aj.banker.bone.head] run data modify entity @s {} merge value {transformation:[-1f,-6.162975822039155e-33f,1.2246467991473532e-16f,-3.1414040532577434e-17f,0f,1f,0f,1.0797694655894312f,-1.2246467991473532e-16f,0f,-1f,0.2565151074942515f,0f,0f,0f,1f],start_interpolation:0}
execute if entity @s[tag=aj.banker.bone.torso] run data modify entity @s {} merge value {transformation:[-1f,-4.188538737676991e-17f,1.1507915602278503e-16f,0f,0f,0.9396926207859084f,0.34202014332566866f,0.375f,-1.2246467991473532e-16f,0.34202014332566866f,-0.9396926207859084f,0f,0f,0f,0f,1f],start_interpolation:0}