execute if entity @s[tag=aj.banker.bone.lower_rightleg] run data modify entity @s {} merge value {transformation:[-1f,-1.224646799147353e-16f,0f,-0.12500000000000003f,0f,-1.1102230246251565e-16f,1f,0.10983495705504465f,-1.2246467991473532e-16f,1f,1.1102230246251565e-16f,0.26516504294495524f,0f,0f,0f,1f],start_interpolation:0}
execute if entity @s[tag=aj.banker.bone.rightleg] run data modify entity @s {} merge value {transformation:[-1f,8.659560562354929e-17f,8.659560562354933e-17f,-0.125f,0f,0.7071067811865477f,-0.7071067811865474f,0.375f,-1.2246467991473532e-16f,-0.7071067811865474f,-0.7071067811865477f,-1.5308084989341915e-17f,0f,0f,0f,1f],start_interpolation:0}
execute if entity @s[tag=aj.banker.bone.lower_leftleg] run data modify entity @s {} merge value {transformation:[-1f,-1.224646799147353e-16f,0f,0.12499999999999997f,0f,-1.1102230246251565e-16f,1f,0.10983495705504465f,-1.2246467991473532e-16f,1f,1.1102230246251565e-16f,0.26516504294495524f,0f,0f,0f,1f],start_interpolation:0}
execute if entity @s[tag=aj.banker.bone.leftleg] run data modify entity @s {} merge value {transformation:[-1f,8.659560562354929e-17f,8.659560562354933e-17f,0.125f,0f,0.7071067811865477f,-0.7071067811865474f,0.375f,-1.2246467991473532e-16f,-0.7071067811865474f,-0.7071067811865477f,1.5308084989341915e-17f,0f,0f,0f,1f],start_interpolation:0}
execute if entity @s[tag=aj.banker.bone.rightarm] run data modify entity @s {} merge value {transformation:[-0.9659258262890683f,-0.19598007059598943f,-0.16905357150019512f,-0.375f,-0.08519693402149696f,0.8575322546936551f,-0.5073262407892507f,0.9651679364458228f,0.24439472281765265f,-0.4756366723552832f,-0.8450094528285914f,0.20573479723002425f,0f,0f,0f,1f],start_interpolation:0}
execute if entity @s[tag=aj.banker.bone.leftarm] run data modify entity @s {} merge value {transformation:[-0.9659258262890683f,0.19598007059598954f,0.16905357150019534f,0.375f,0.08519693402149696f,0.8575322546936551f,-0.5073262407892507f,0.9651679364458228f,-0.24439472281765287f,-0.4756366723552831f,-0.8450094528285914f,0.20573479723002436f,0f,0f,0f,1f],start_interpolation:0}
execute if entity @s[tag=aj.banker.bone.hat] run data modify entity @s {} merge value {transformation:[-1f,-6.162975822039155e-33f,1.224646799147353e-16f,-3.0234295308117487e-17f,0f,0.9999999999999999f,0f,1.0832015237349872f,-1.2246467991473532e-16f,0f,-0.9999999999999999f,0.24688175667602918f,0f,0f,0f,1f],start_interpolation:0}
execute if entity @s[tag=aj.banker.bone.head] run data modify entity @s {} merge value {transformation:[-1f,-6.162975822039155e-33f,1.224646799147353e-16f,-3.0234295308117487e-17f,0f,0.9999999999999999f,0f,1.0832015237349872f,-1.2246467991473532e-16f,0f,-0.9999999999999999f,0.24688175667602918f,0f,0f,0f,1f],start_interpolation:0}
execute if entity @s[tag=aj.banker.bone.torso] run data modify entity @s {} merge value {transformation:[-1f,-4.0312393744156645e-17f,1.1563956389244407e-16f,0f,0f,0.9442686983133165f,0.3291756755680389f,0.375f,-1.2246467991473532e-16f,0.3291756755680389f,-0.9442686983133165f,0f,0f,0f,0f,1f],start_interpolation:0}