execute if entity @s[tag=aj.banker.bone.lower_rightleg] run data modify entity @s {} merge value {transformation:[-1f,-1.2246467991473535e-16f,0f,-0.12500000000000003f,0f,0f,1f,0.10983495705504465f,-1.2246467991473532e-16f,1f,0f,0.2651650429449553f,0f,0f,0f,1f],start_interpolation:0}
execute if entity @s[tag=aj.banker.bone.rightleg] run data modify entity @s {} merge value {transformation:[-1f,8.659560562354933e-17f,8.659560562354935e-17f,-0.125f,0f,0.7071067811865477f,-0.7071067811865475f,0.375f,-1.2246467991473532e-16f,-0.7071067811865475f,-0.7071067811865477f,-1.5308084989341915e-17f,0f,0f,0f,1f],start_interpolation:0}
execute if entity @s[tag=aj.banker.bone.lower_leftleg] run data modify entity @s {} merge value {transformation:[-1f,-1.2246467991473535e-16f,0f,0.12499999999999997f,0f,0f,1f,0.10983495705504465f,-1.2246467991473532e-16f,1f,0f,0.2651650429449553f,0f,0f,0f,1f],start_interpolation:0}
execute if entity @s[tag=aj.banker.bone.leftleg] run data modify entity @s {} merge value {transformation:[-1f,8.659560562354933e-17f,8.659560562354935e-17f,0.125f,0f,0.7071067811865477f,-0.7071067811865475f,0.375f,-1.2246467991473532e-16f,-0.7071067811865475f,-0.7071067811865477f,1.5308084989341915e-17f,0f,0f,0f,1f],start_interpolation:0}
execute if entity @s[tag=aj.banker.bone.rightarm] run data modify entity @s {} merge value {transformation:[-0.9659258262890683f,-0.18799558292040414f,-0.1778903002139185f,-0.375f,-0.07386380050137464f,0.8589620303619611f,-0.5066836975588918f,0.9740075769782486f,0.24805531053229588f,-0.4762792155856424f,-0.8435796771602854f,0.17836738133035296f,0f,0f,0f,1f],start_interpolation:0}
execute if entity @s[tag=aj.banker.bone.leftarm] run data modify entity @s {} merge value {transformation:[-0.9659258262890683f,0.18799558292040425f,0.17789030021391872f,0.375f,0.07386380050137464f,0.8589620303619611f,-0.5066836975588918f,0.9740075769782486f,-0.2480553105322961f,-0.47627921558564235f,-0.8435796771602853f,0.17836738133035307f,0f,0f,0f,1f],start_interpolation:0}
execute if entity @s[tag=aj.banker.bone.hat] run data modify entity @s {} merge value {transformation:[-1f,0f,1.2246467991473535e-16f,-2.6212445114221465e-17f,0f,1f,0f,1.0938090923738983f,-1.2246467991473532e-16f,0f,-1f,0.21404085759642363f,0f,0f,0f,1f],start_interpolation:0}
execute if entity @s[tag=aj.banker.bone.head] run data modify entity @s {} merge value {transformation:[-1f,0f,1.2246467991473535e-16f,-2.6212445114221465e-17f,0f,1f,0f,1.0938090923738983f,-1.2246467991473532e-16f,0f,-1f,0.21404085759642363f,0f,0f,0f,1f],start_interpolation:0}
execute if entity @s[tag=aj.banker.bone.torso] run data modify entity @s {} merge value {transformation:[-1f,-3.4949926818961953e-17f,1.1737163388982784e-16f,0f,0f,0.9584121231651977f,0.28538781012856484f,0.375f,-1.2246467991473532e-16f,0.28538781012856484f,-0.9584121231651977f,0f,0f,0f,0f,1f],start_interpolation:0}