execute if entity @s[tag=aj.banker.bone.lower_rightleg] run data modify entity @s {} merge value {transformation:[-1f,-1.2246467991473532e-16f,1.232595164407831e-32f,-0.12500000000000003f,0f,2.220446049250313e-16f,1f,0.1098349570550447f,-1.2246467991473532e-16f,1f,-2.220446049250313e-16f,0.2651650429449553f,0f,0f,0f,1f],start_interpolation:0}
execute if entity @s[tag=aj.banker.bone.rightleg] run data modify entity @s {} merge value {transformation:[-1f,8.659560562354932e-17f,8.659560562354933e-17f,-0.125f,0f,0.7071067811865475f,-0.7071067811865475f,0.375f,-1.2246467991473532e-16f,-0.7071067811865475f,-0.7071067811865475f,-1.5308084989341915e-17f,0f,0f,0f,1f],start_interpolation:0}
execute if entity @s[tag=aj.banker.bone.lower_leftleg] run data modify entity @s {} merge value {transformation:[-1f,-1.2246467991473532e-16f,1.232595164407831e-32f,0.12499999999999997f,0f,2.220446049250313e-16f,1f,0.1098349570550447f,-1.2246467991473532e-16f,1f,-2.220446049250313e-16f,0.2651650429449553f,0f,0f,0f,1f],start_interpolation:0}
execute if entity @s[tag=aj.banker.bone.leftleg] run data modify entity @s {} merge value {transformation:[-1f,8.659560562354932e-17f,8.659560562354933e-17f,0.125f,0f,0.7071067811865475f,-0.7071067811865475f,0.375f,-1.2246467991473532e-16f,-0.7071067811865475f,-0.7071067811865475f,1.5308084989341915e-17f,0f,0f,0f,1f],start_interpolation:0}
execute if entity @s[tag=aj.banker.bone.rightarm] run data modify entity @s {} merge value {transformation:[-0.9659258262890683f,-0.19764167237435148f,-0.1671079514830162f,-0.375f,-0.08760873338112135f,0.8572177792298907f,-0.5074469320111512f,0.9631053093711106f,0.24354056734584523f,-0.47551598113338295f,-0.8453239282923558f,0.21155884545324585f,0f,0f,0f,1f],start_interpolation:0}
execute if entity @s[tag=aj.banker.bone.leftarm] run data modify entity @s {} merge value {transformation:[-0.9659258262890683f,0.1976416723743516f,0.1671079514830164f,0.375f,0.08760873338112135f,0.8572177792298907f,-0.5074469320111512f,0.9631053093711106f,-0.24354056734584545f,-0.4755159811333829f,-0.8453239282923558f,0.21155884545324596f,0f,0f,0f,1f],start_interpolation:0}
execute if entity @s[tag=aj.banker.bone.hat] run data modify entity @s {} merge value {transformation:[-1f,0f,1.2246467991473535e-16f,-3.109018354987526e-17f,0f,1.0000000000000002f,0f,1.0807263712453326f,-1.2246467991473532e-16f,0f,-1.0000000000000002f,0.2538706145438951f,0f,0f,0f,1f],start_interpolation:0}
execute if entity @s[tag=aj.banker.bone.head] run data modify entity @s {} merge value {transformation:[-1f,0f,1.2246467991473535e-16f,-3.109018354987526e-17f,0f,1.0000000000000002f,0f,1.0807263712453326f,-1.2246467991473532e-16f,0f,-1.0000000000000002f,0.2538706145438951f,0f,0f,0f,1f],start_interpolation:0}
execute if entity @s[tag=aj.banker.bone.torso] run data modify entity @s {} merge value {transformation:[-1f,-4.1453578066500347e-17f,1.152354055492631e-16f,0f,0f,0.9409684949937769f,0.33849415272519345f,0.375f,-1.2246467991473532e-16f,0.33849415272519345f,-0.9409684949937769f,0f,0f,0f,0f,1f],start_interpolation:0}