# This file was generated by Animated Java via MC-Build. It is not recommended to edit this file directly.
$data merge entity $(bone_lower_rightleg) {transformation: [-0.9999f,-0.0121f,-0.0063f,-0.1238f,-0.0069f,0.0508f,0.9987f,0.1418f,-0.0117f,0.9986f,-0.0508f,0.1204f,0f,0f,0f,1f],start_interpolation: 0,interpolation_duration: 1}
$data merge entity $(bone_rightleg) {transformation: [-0.9999f,-0.0029f,0.0133f,-0.1249f,-0.0069f,0.9515f,-0.3075f,0.4987f,-0.0117f,-0.3076f,-0.9515f,0.0051f,0f,0f,0f,1f],start_interpolation: 0,interpolation_duration: 1}
$data merge entity $(bone_lower_leftleg) {transformation: [-0.9999f,-0.012f,-0.0061f,0.1259f,-0.0066f,0.0469f,0.9989f,0.1441f,-0.0117f,0.9988f,-0.047f,0.1089f,0f,0f,0f,1f],start_interpolation: 0,interpolation_duration: 1}
$data merge entity $(bone_leftleg) {transformation: [-0.9999f,-0.0028f,0.0132f,0.1249f,-0.0066f,0.9527f,-0.3039f,0.5013f,-0.0117f,-0.3039f,-0.9526f,-0.0051f,0f,0f,0f,1f],start_interpolation: 0,interpolation_duration: 1}
$data merge entity $(bone_rightarm) {transformation: [-0.9991f,-0.0381f,0.0173f,-0.3746f,-0.0108f,-0.1645f,-0.9863f,1.0997f,0.0404f,-0.9856f,0.1639f,0.1768f,0f,0f,0f,1f],start_interpolation: 0,interpolation_duration: 1}
$data merge entity $(bone_leftarm) {transformation: [-0.9991f,-0.0381f,-0.0174f,0.3747f,-0.0108f,0.635f,-0.7724f,1.1078f,0.0404f,-0.7716f,-0.6348f,0.1465f,0f,0f,0f,1f],start_interpolation: 0,interpolation_duration: 1}
$data merge entity $(bone_hat) {transformation: [-0.9991f,-0.0108f,-0.0404f,0f,-0.0108f,0.9999f,-0.0004f,1.2245f,0.0404f,0f,-0.9992f,0.194f,0f,0f,0f,1f],start_interpolation: 0,interpolation_duration: 1}
$data merge entity $(bone_head) {transformation: [-0.9991f,-0.0108f,-0.0404f,0f,-0.0108f,0.9999f,-0.0004f,1.2245f,0.0404f,0f,-0.9992f,0.194f,0f,0f,0f,1f],start_interpolation: 0,interpolation_duration: 1}
$data merge entity $(bone_torso) {transformation: [-0.9991f,0f,-0.0418f,0f,-0.0108f,0.966f,0.2584f,0.5f,0.0404f,0.2586f,-0.9651f,0f,0f,0f,0f,1f],start_interpolation: 0,interpolation_duration: 1}