# This file was generated by Animated Java via MC-Build. It is not recommended to edit this file directly.
$data merge entity $(bone_lower_rightleg) {transformation: [-0.999f,0.0436f,-0.0004f,-0.1414f,0.0436f,0.999f,0f,0.3754f,0.0004f,0f,-1f,-0.0001f,0f,0f,0f,1f],start_interpolation: 0,interpolation_duration: 1}
$data merge entity $(bone_rightleg) {transformation: [-0.999f,0.0436f,-0.0008f,-0.125f,0.0436f,0.999f,-0.0087f,0.75f,0.0004f,-0.0087f,-1f,-0.0033f,0f,0f,0f,1f],start_interpolation: 0,interpolation_duration: 1}
$data merge entity $(bone_lower_leftleg) {transformation: [-0.999f,-0.0436f,0.0004f,0.1414f,-0.0436f,0.999f,0f,0.3754f,-0.0004f,0f,-1f,-0.0001f,0f,0f,0f,1f],start_interpolation: 0,interpolation_duration: 1}
$data merge entity $(bone_leftleg) {transformation: [-0.999f,-0.0436f,0.0008f,0.125f,-0.0436f,0.999f,-0.0087f,0.75f,-0.0004f,-0.0087f,-1f,-0.0033f,0f,0f,0f,1f],start_interpolation: 0,interpolation_duration: 1}
$data merge entity $(bone_rightarm) {transformation: [-1f,0.0024f,0.0006f,-0.375f,0.0024f,1f,0.0013f,1.375f,-0.0006f,0.0013f,-1f,0.0021f,0f,0f,0f,1f],start_interpolation: 0,interpolation_duration: 1}
$data merge entity $(bone_leftarm) {transformation: [-1f,-0.0024f,-0.0006f,0.375f,-0.0024f,1f,0.0013f,1.375f,0.0006f,0.0013f,-1f,0.0021f,0f,0f,0f,1f],start_interpolation: 0,interpolation_duration: 1}
$data merge entity $(bone_hat) {transformation: [-1f,0f,0f,0f,0f,0.866f,-0.5f,1.5f,0f,-0.5f,-0.866f,0.0032f,0f,0f,0f,1f],start_interpolation: 0,interpolation_duration: 1}
$data merge entity $(bone_head) {transformation: [-1f,0f,0f,0f,0f,0.866f,-0.5f,1.5f,0f,-0.5f,-0.866f,0.0032f,0f,0f,0f,1f],start_interpolation: 0,interpolation_duration: 1}
$data merge entity $(bone_torso) {transformation: [-1f,0f,0f,0f,0f,1f,0.0087f,0.75f,0f,0.0087f,-1f,-0.0033f,0f,0f,0f,1f],start_interpolation: 0,interpolation_duration: 1}