# This file was generated by Animated Java via MC-Build. It is not recommended to edit this file directly.
$data merge entity $(bone_lower_rightleg) {transformation: [-0.999f,0.0432f,-0.0057f,-0.1408f,0.0432f,0.9991f,0.0001f,0.3785f,0.0057f,-0.0001f,-1f,-0.001f,0f,0f,0f,1f],start_interpolation: 0,interpolation_duration: 1}
$data merge entity $(bone_rightleg) {transformation: [-0.999f,0.0421f,-0.0113f,-0.125f,0.0432f,0.9905f,-0.1303f,0.75f,0.0057f,-0.1306f,-0.9914f,-0.05f,0f,0f,0f,1f],start_interpolation: 0,interpolation_duration: 1}
$data merge entity $(bone_lower_leftleg) {transformation: [-0.999f,-0.0432f,0.0057f,0.1408f,-0.0432f,0.9991f,0.0001f,0.3785f,-0.0057f,-0.0001f,-1f,-0.001f,0f,0f,0f,1f],start_interpolation: 0,interpolation_duration: 1}
$data merge entity $(bone_leftleg) {transformation: [-0.999f,-0.0421f,0.0113f,0.125f,-0.0432f,0.9905f,-0.1303f,0.75f,-0.0057f,-0.1306f,-0.9914f,-0.05f,0f,0f,0f,1f],start_interpolation: 0,interpolation_duration: 1}
$data merge entity $(bone_rightarm) {transformation: [-0.9977f,0.0674f,0.004f,-0.375f,0.067f,0.9952f,-0.0718f,1.3697f,-0.0088f,-0.0714f,-0.9974f,0.0316f,0f,0f,0f,1f],start_interpolation: 0,interpolation_duration: 1}
$data merge entity $(bone_leftarm) {transformation: [-0.9977f,-0.0674f,-0.004f,0.375f,-0.067f,0.9952f,-0.0718f,1.3697f,0.0088f,-0.0714f,-0.9974f,0.0316f,0f,0f,0f,1f],start_interpolation: 0,interpolation_duration: 1}
$data merge entity $(bone_hat) {transformation: [-1f,0f,0f,0f,0f,0.866f,-0.5f,1.4936f,0f,-0.5f,-0.866f,0.0479f,0f,0f,0f,1f],start_interpolation: 0,interpolation_duration: 1}
$data merge entity $(bone_head) {transformation: [-1f,0f,0f,0f,0f,0.866f,-0.5f,1.4936f,0f,-0.5f,-0.866f,0.0479f,0f,0f,0f,1f],start_interpolation: 0,interpolation_duration: 1}
$data merge entity $(bone_torso) {transformation: [-1f,0f,0f,0f,0f,0.9914f,0.1305f,0.75f,0f,0.1305f,-0.9914f,-0.05f,0f,0f,0f,1f],start_interpolation: 0,interpolation_duration: 1}