# This file was generated by Animated Java via MC-Build. It is not recommended to edit this file directly.
$data merge entity $(bone_lower_rightleg) {transformation: [-0.999f,0.0433f,-0.0049f,-0.1409f,0.0433f,0.9991f,0.0001f,0.3778f,0.0049f,-0.0001f,-1f,-0.0008f,0f,0f,0f,1f],start_interpolation: 0,interpolation_duration: 1}
$data merge entity $(bone_rightleg) {transformation: [-0.999f,0.0425f,-0.0098f,-0.125f,0.0433f,0.9927f,-0.113f,0.75f,0.0049f,-0.1133f,-0.9935f,-0.0433f,0f,0f,0f,1f],start_interpolation: 0,interpolation_duration: 1}
$data merge entity $(bone_lower_leftleg) {transformation: [-0.999f,-0.0433f,0.0049f,0.1409f,-0.0433f,0.9991f,0.0001f,0.3778f,-0.0049f,-0.0001f,-1f,-0.0008f,0f,0f,0f,1f],start_interpolation: 0,interpolation_duration: 1}
$data merge entity $(bone_leftleg) {transformation: [-0.999f,-0.0425f,0.0098f,0.125f,-0.0433f,0.9927f,-0.113f,0.75f,-0.0049f,-0.1133f,-0.9935f,-0.0433f,0f,0f,0f,1f],start_interpolation: 0,interpolation_duration: 1}
$data merge entity $(bone_rightarm) {transformation: [-0.9971f,0.0766f,0.0024f,-0.375f,0.0758f,0.9903f,-0.1164f,1.371f,-0.0113f,-0.1158f,-0.9932f,0.0274f,0f,0f,0f,1f],start_interpolation: 0,interpolation_duration: 1}
$data merge entity $(bone_leftarm) {transformation: [-0.9971f,-0.0766f,-0.0024f,0.375f,-0.0758f,0.9903f,-0.1164f,1.371f,0.0113f,-0.1158f,-0.9932f,0.0274f,0f,0f,0f,1f],start_interpolation: 0,interpolation_duration: 1}
$data merge entity $(bone_hat) {transformation: [-1f,0f,0f,0f,0f,0.866f,-0.5f,1.4952f,0f,-0.5f,-0.866f,0.0416f,0f,0f,0f,1f],start_interpolation: 0,interpolation_duration: 1}
$data merge entity $(bone_head) {transformation: [-1f,0f,0f,0f,0f,0.866f,-0.5f,1.4952f,0f,-0.5f,-0.866f,0.0416f,0f,0f,0f,1f],start_interpolation: 0,interpolation_duration: 1}
$data merge entity $(bone_torso) {transformation: [-1f,0f,0f,0f,0f,0.9936f,0.1132f,0.75f,0f,0.1132f,-0.9936f,-0.0433f,0f,0f,0f,1f],start_interpolation: 0,interpolation_duration: 1}