# This file was generated by Animated Java via MC-Build. It is not recommended to edit this file directly.
$data merge entity $(bone_lower_rightleg) {transformation: [-0.999f,0.0434f,-0.0046f,-0.141f,0.0434f,0.9991f,0.0001f,0.3774f,0.0046f,-0.0001f,-1f,-0.0008f,0f,0f,0f,1f],start_interpolation: 0,interpolation_duration: 1}
$data merge entity $(bone_rightleg) {transformation: [-0.999f,0.0427f,-0.0091f,-0.125f,0.0434f,0.9936f,-0.1043f,0.75f,0.0046f,-0.1046f,-0.9945f,-0.04f,0f,0f,0f,1f],start_interpolation: 0,interpolation_duration: 1}
$data merge entity $(bone_lower_leftleg) {transformation: [-0.999f,-0.0434f,0.0046f,0.141f,-0.0434f,0.9991f,0.0001f,0.3774f,-0.0046f,-0.0001f,-1f,-0.0008f,0f,0f,0f,1f],start_interpolation: 0,interpolation_duration: 1}
$data merge entity $(bone_leftleg) {transformation: [-0.999f,-0.0427f,0.0091f,0.125f,-0.0434f,0.9936f,-0.1043f,0.75f,-0.0046f,-0.1046f,-0.9945f,-0.04f,0f,0f,0f,1f],start_interpolation: 0,interpolation_duration: 1}
$data merge entity $(bone_rightarm) {transformation: [-0.9967f,0.0809f,0.0015f,-0.375f,0.0799f,0.9872f,-0.1377f,1.3716f,-0.0126f,-0.1371f,-0.9905f,0.0253f,0f,0f,0f,1f],start_interpolation: 0,interpolation_duration: 1}
$data merge entity $(bone_leftarm) {transformation: [-0.9967f,-0.0809f,-0.0015f,0.375f,-0.0799f,0.9872f,-0.1377f,1.3716f,0.0126f,-0.1371f,-0.9905f,0.0253f,0f,0f,0f,1f],start_interpolation: 0,interpolation_duration: 1}
$data merge entity $(bone_hat) {transformation: [-1f,0f,0f,0f,0f,0.866f,-0.5f,1.4959f,0f,-0.5f,-0.866f,0.0384f,0f,0f,0f,1f],start_interpolation: 0,interpolation_duration: 1}
$data merge entity $(bone_head) {transformation: [-1f,0f,0f,0f,0f,0.866f,-0.5f,1.4959f,0f,-0.5f,-0.866f,0.0384f,0f,0f,0f,1f],start_interpolation: 0,interpolation_duration: 1}
$data merge entity $(bone_torso) {transformation: [-1f,0f,0f,0f,0f,0.9945f,0.1045f,0.75f,0f,0.1045f,-0.9945f,-0.04f,0f,0f,0f,1f],start_interpolation: 0,interpolation_duration: 1}