# This file was generated by Animated Java via MC-Build. It is not recommended to edit this file directly.
$data merge entity $(bone_lower_rightleg) {transformation: [-0.999f,0.0435f,-0.0038f,-0.1411f,0.0435f,0.9991f,0.0001f,0.3768f,0.0038f,-0.0001f,-1f,-0.0006f,0f,0f,0f,1f],start_interpolation: 0,interpolation_duration: 1}
$data merge entity $(bone_rightleg) {transformation: [-0.999f,0.043f,-0.0076f,-0.125f,0.0435f,0.9953f,-0.087f,0.75f,0.0038f,-0.0872f,-0.9962f,-0.0333f,0f,0f,0f,1f],start_interpolation: 0,interpolation_duration: 1}
$data merge entity $(bone_lower_leftleg) {transformation: [-0.999f,-0.0435f,0.0038f,0.1411f,-0.0435f,0.9991f,0.0001f,0.3768f,-0.0038f,-0.0001f,-1f,-0.0006f,0f,0f,0f,1f],start_interpolation: 0,interpolation_duration: 1}
$data merge entity $(bone_leftleg) {transformation: [-0.999f,-0.043f,0.0076f,0.125f,-0.0435f,0.9953f,-0.087f,0.75f,-0.0038f,-0.0872f,-0.9962f,-0.0333f,0f,0f,0f,1f],start_interpolation: 0,interpolation_duration: 1}
$data merge entity $(bone_rightarm) {transformation: [-0.9962f,0.0872f,0f,-0.375f,0.0858f,0.9811f,-0.1736f,1.3726f,-0.0151f,-0.173f,-0.9848f,0.0211f,0f,0f,0f,1f],start_interpolation: 0,interpolation_duration: 1}
$data merge entity $(bone_leftarm) {transformation: [-0.9962f,-0.0872f,0f,0.375f,-0.0858f,0.9811f,-0.1736f,1.3726f,0.0151f,-0.173f,-0.9848f,0.0211f,0f,0f,0f,1f],start_interpolation: 0,interpolation_duration: 1}
$data merge entity $(bone_hat) {transformation: [-1f,0f,0f,0f,0f,0.866f,-0.5f,1.4971f,0f,-0.5f,-0.866f,0.032f,0f,0f,0f,1f],start_interpolation: 0,interpolation_duration: 1}
$data merge entity $(bone_head) {transformation: [-1f,0f,0f,0f,0f,0.866f,-0.5f,1.4971f,0f,-0.5f,-0.866f,0.032f,0f,0f,0f,1f],start_interpolation: 0,interpolation_duration: 1}
$data merge entity $(bone_torso) {transformation: [-1f,0f,0f,0f,0f,0.9962f,0.0872f,0.75f,0f,0.0872f,-0.9962f,-0.0333f,0f,0f,0f,1f],start_interpolation: 0,interpolation_duration: 1}