# This file was generated by Animated Java via MC-Build. It is not recommended to edit this file directly.
$data merge entity $(bone_lower_rightleg) {transformation: [-0.999f,0.0436f,-0.0008f,-0.1413f,0.0436f,0.999f,0f,0.3754f,0.0008f,0f,-1f,-0.0001f,0f,0f,0f,1f],start_interpolation: 0,interpolation_duration: 1}
$data merge entity $(bone_rightleg) {transformation: [-0.999f,0.0436f,-0.0015f,-0.125f,0.0436f,0.9989f,-0.0174f,0.75f,0.0008f,-0.0175f,-0.9998f,-0.0067f,0f,0f,0f,1f],start_interpolation: 0,interpolation_duration: 1}
$data merge entity $(bone_lower_leftleg) {transformation: [-0.999f,-0.0436f,0.0008f,0.1413f,-0.0436f,0.999f,0f,0.3754f,-0.0008f,0f,-1f,-0.0001f,0f,0f,0f,1f],start_interpolation: 0,interpolation_duration: 1}
$data merge entity $(bone_leftleg) {transformation: [-0.999f,-0.0436f,0.0015f,0.125f,-0.0436f,0.9989f,-0.0174f,0.75f,-0.0008f,-0.0175f,-0.9998f,-0.0067f,0f,0f,0f,1f],start_interpolation: 0,interpolation_duration: 1}
$data merge entity $(bone_rightarm) {transformation: [-0.9999f,0.0122f,0.0028f,-0.375f,0.0121f,0.9997f,-0.0199f,1.3749f,-0.003f,-0.0198f,-0.9998f,0.0042f,0f,0f,0f,1f],start_interpolation: 0,interpolation_duration: 1}
$data merge entity $(bone_leftarm) {transformation: [-0.9999f,-0.0122f,-0.0028f,0.375f,-0.0121f,0.9997f,-0.0199f,1.3749f,0.003f,-0.0198f,-0.9998f,0.0042f,0f,0f,0f,1f],start_interpolation: 0,interpolation_duration: 1}
$data merge entity $(bone_hat) {transformation: [-1f,0f,0f,0f,0f,0.866f,-0.5f,1.4999f,0f,-0.5f,-0.866f,0.0064f,0f,0f,0f,1f],start_interpolation: 0,interpolation_duration: 1}
$data merge entity $(bone_head) {transformation: [-1f,0f,0f,0f,0f,0.866f,-0.5f,1.4999f,0f,-0.5f,-0.866f,0.0064f,0f,0f,0f,1f],start_interpolation: 0,interpolation_duration: 1}
$data merge entity $(bone_torso) {transformation: [-1f,0f,0f,0f,0f,0.9998f,0.0175f,0.75f,0f,0.0175f,-0.9998f,-0.0067f,0f,0f,0f,1f],start_interpolation: 0,interpolation_duration: 1}