# This file was generated by Animated Java via MC-Build. It is not recommended to edit this file directly.
$data merge entity $(bone_lower_rightleg) {transformation: [-0.999f,0.0436f,-0.0011f,-0.1413f,0.0436f,0.999f,0f,0.3755f,0.0011f,0f,-1f,-0.0002f,0f,0f,0f,1f],start_interpolation: 0,interpolation_duration: 1}
$data merge entity $(bone_rightleg) {transformation: [-0.999f,0.0436f,-0.0023f,-0.125f,0.0436f,0.9987f,-0.0261f,0.75f,0.0011f,-0.0262f,-0.9997f,-0.01f,0f,0f,0f,1f],start_interpolation: 0,interpolation_duration: 1}
$data merge entity $(bone_lower_leftleg) {transformation: [-0.999f,-0.0436f,0.0011f,0.1413f,-0.0436f,0.999f,0f,0.3755f,-0.0011f,0f,-1f,-0.0002f,0f,0f,0f,1f],start_interpolation: 0,interpolation_duration: 1}
$data merge entity $(bone_leftleg) {transformation: [-0.999f,-0.0436f,0.0023f,0.125f,-0.0436f,0.9987f,-0.0261f,0.75f,-0.0011f,-0.0262f,-0.9997f,-0.01f,0f,0f,0f,1f],start_interpolation: 0,interpolation_duration: 1}
$data merge entity $(bone_rightarm) {transformation: [-0.9999f,0.0103f,0.0024f,-0.375f,0.0103f,0.9999f,-0.0054f,1.3748f,-0.0025f,-0.0054f,-1f,0.0064f,0f,0f,0f,1f],start_interpolation: 0,interpolation_duration: 1}
$data merge entity $(bone_leftarm) {transformation: [-0.9999f,-0.0103f,-0.0024f,0.375f,-0.0103f,0.9999f,-0.0054f,1.3748f,0.0025f,-0.0054f,-1f,0.0064f,0f,0f,0f,1f],start_interpolation: 0,interpolation_duration: 1}
$data merge entity $(bone_hat) {transformation: [-1f,0f,0f,0f,0f,0.866f,-0.5f,1.4997f,0f,-0.5f,-0.866f,0.0096f,0f,0f,0f,1f],start_interpolation: 0,interpolation_duration: 1}
$data merge entity $(bone_head) {transformation: [-1f,0f,0f,0f,0f,0.866f,-0.5f,1.4997f,0f,-0.5f,-0.866f,0.0096f,0f,0f,0f,1f],start_interpolation: 0,interpolation_duration: 1}
$data merge entity $(bone_torso) {transformation: [-1f,0f,0f,0f,0f,0.9997f,0.0262f,0.75f,0f,0.0262f,-0.9997f,-0.01f,0f,0f,0f,1f],start_interpolation: 0,interpolation_duration: 1}