# This file was generated by Animated Java via MC-Build. It is not recommended to edit this file directly.
$data merge entity $(bone_lower_rightleg) {transformation: [-0.999f,0.0436f,-0.0015f,-0.1413f,0.0436f,0.999f,0f,0.3756f,0.0015f,0f,-1f,-0.0002f,0f,0f,0f,1f],start_interpolation: 0,interpolation_duration: 1}
$data merge entity $(bone_rightleg) {transformation: [-0.999f,0.0435f,-0.003f,-0.125f,0.0436f,0.9984f,-0.0348f,0.75f,0.0015f,-0.0349f,-0.9994f,-0.0133f,0f,0f,0f,1f],start_interpolation: 0,interpolation_duration: 1}
$data merge entity $(bone_lower_leftleg) {transformation: [-0.999f,-0.0436f,0.0015f,0.1413f,-0.0436f,0.999f,0f,0.3756f,-0.0015f,0f,-1f,-0.0002f,0f,0f,0f,1f],start_interpolation: 0,interpolation_duration: 1}
$data merge entity $(bone_leftleg) {transformation: [-0.999f,-0.0435f,0.003f,0.125f,-0.0436f,0.9984f,-0.0348f,0.75f,-0.0015f,-0.0349f,-0.9994f,-0.0133f,0f,0f,0f,1f],start_interpolation: 0,interpolation_duration: 1}
$data merge entity $(bone_rightarm) {transformation: [-0.9999f,0.0147f,0.0032f,-0.375f,0.0147f,0.9998f,-0.0101f,1.3746f,-0.0034f,-0.0101f,-0.9999f,0.0085f,0f,0f,0f,1f],start_interpolation: 0,interpolation_duration: 1}
$data merge entity $(bone_leftarm) {transformation: [-0.9999f,-0.0147f,-0.0032f,0.375f,-0.0147f,0.9998f,-0.0101f,1.3746f,0.0034f,-0.0101f,-0.9999f,0.0085f,0f,0f,0f,1f],start_interpolation: 0,interpolation_duration: 1}
$data merge entity $(bone_hat) {transformation: [-1f,0f,0f,0f,0f,0.866f,-0.5f,1.4995f,0f,-0.5f,-0.866f,0.0128f,0f,0f,0f,1f],start_interpolation: 0,interpolation_duration: 1}
$data merge entity $(bone_head) {transformation: [-1f,0f,0f,0f,0f,0.866f,-0.5f,1.4995f,0f,-0.5f,-0.866f,0.0128f,0f,0f,0f,1f],start_interpolation: 0,interpolation_duration: 1}
$data merge entity $(bone_torso) {transformation: [-1f,0f,0f,0f,0f,0.9994f,0.0349f,0.75f,0f,0.0349f,-0.9994f,-0.0133f,0f,0f,0f,1f],start_interpolation: 0,interpolation_duration: 1}