# This file was generated by Animated Java via MC-Build. It is not recommended to edit this file directly.
$data merge entity $(bone_lower_rightleg) {transformation: [-0.999f,0.0436f,-0.0023f,-0.1413f,0.0436f,0.9991f,0f,0.3759f,0.0023f,0f,-1f,-0.0004f,0f,0f,0f,1f],start_interpolation: 0,interpolation_duration: 1}
$data merge entity $(bone_rightleg) {transformation: [-0.999f,0.0434f,-0.0046f,-0.125f,0.0436f,0.9977f,-0.0522f,0.75f,0.0023f,-0.0524f,-0.9986f,-0.02f,0f,0f,0f,1f],start_interpolation: 0,interpolation_duration: 1}
$data merge entity $(bone_lower_leftleg) {transformation: [-0.999f,-0.0436f,0.0023f,0.1413f,-0.0436f,0.9991f,0f,0.3759f,-0.0023f,0f,-1f,-0.0004f,0f,0f,0f,1f],start_interpolation: 0,interpolation_duration: 1}
$data merge entity $(bone_leftleg) {transformation: [-0.999f,-0.0434f,0.0046f,0.125f,-0.0436f,0.9977f,-0.0522f,0.75f,-0.0023f,-0.0524f,-0.9986f,-0.02f,0f,0f,0f,1f],start_interpolation: 0,interpolation_duration: 1}
$data merge entity $(bone_rightarm) {transformation: [-0.9997f,0.0239f,0.0046f,-0.375f,0.0238f,0.9995f,-0.0206f,1.3741f,-0.0051f,-0.0205f,-0.9998f,0.0127f,0f,0f,0f,1f],start_interpolation: 0,interpolation_duration: 1}
$data merge entity $(bone_leftarm) {transformation: [-0.9997f,-0.0239f,-0.0046f,0.375f,-0.0238f,0.9995f,-0.0206f,1.3741f,0.0051f,-0.0205f,-0.9998f,0.0127f,0f,0f,0f,1f],start_interpolation: 0,interpolation_duration: 1}
$data merge entity $(bone_hat) {transformation: [-1f,0f,0f,0f,0f,0.866f,-0.5f,1.499f,0f,-0.5f,-0.866f,0.0193f,0f,0f,0f,1f],start_interpolation: 0,interpolation_duration: 1}
$data merge entity $(bone_head) {transformation: [-1f,0f,0f,0f,0f,0.866f,-0.5f,1.499f,0f,-0.5f,-0.866f,0.0193f,0f,0f,0f,1f],start_interpolation: 0,interpolation_duration: 1}
$data merge entity $(bone_torso) {transformation: [-1f,0f,0f,0f,0f,0.9986f,0.0523f,0.75f,0f,0.0523f,-0.9986f,-0.02f,0f,0f,0f,1f],start_interpolation: 0,interpolation_duration: 1}