# This file was generated by Animated Java via MC-Build. It is not recommended to edit this file directly.
$data merge entity $(bone_lowerrightleg) {transformation: [-1f,0f,0f,-0.125f,0f,0.866f,-0.5f,0.4252f,0f,-0.5f,-0.866f,0.1875f,0f,0f,0f,1f],start_interpolation: 0,interpolation_duration: 1}
$data merge entity $(bone_rightleg) {transformation: [-1f,0f,0f,-0.125f,0f,0.866f,-0.5f,0.75f,0f,-0.5f,-0.866f,0f,0f,0f,0f,1f],start_interpolation: 0,interpolation_duration: 1}
$data merge entity $(bone_lowerleftleg) {transformation: [-1f,0f,0f,0.125f,0f,0.866f,0.5f,0.4252f,0f,0.5f,-0.866f,-0.1875f,0f,0f,0f,1f],start_interpolation: 0,interpolation_duration: 1}
$data merge entity $(bone_leftleg) {transformation: [-1f,0f,0f,0.125f,0f,0.866f,0.5f,0.75f,0f,0.5f,-0.866f,0f,0f,0f,0f,1f],start_interpolation: 0,interpolation_duration: 1}
$data merge entity $(block_display_tingle_pen) {transformation: [-0.4096f,0.0218f,-0.2866f,-0.3534f,-0.2868f,-0.0378f,0.4092f,1.7812f,-0.0019f,0.999f,0.0217f,-0.1728f,0f,0f,0f,1f],start_interpolation: 0,interpolation_duration: 1}
$data merge entity $(bone_rightarm) {transformation: [-0.8192f,0.5731f,0.0218f,-0.375f,-0.5735f,-0.8183f,-0.0378f,1.375f,-0.0038f,-0.0435f,0.999f,0f,0f,0f,0f,1f],start_interpolation: 0,interpolation_duration: 1}
$data merge entity $(item_display_tingle_book) {transformation: [-0.3536f,0f,-0.3536f,0.3125f,-0.3062f,0.25f,0.3062f,0.99f,0.1768f,0.433f,-0.1768f,0.5831f,0f,0f,0f,1f],start_interpolation: 0,interpolation_duration: 1}
$data merge entity $(bone_leftarm) {transformation: [-1f,0f,0f,0.375f,0f,0.866f,-0.5f,1.375f,0f,-0.5f,-0.866f,0f,0f,0f,0f,1f],start_interpolation: 0,interpolation_duration: 1}