# This file was generated by Animated Java via MC-Build. It is not recommended to edit this file directly.
$data merge entity $(bone_lowerrightleg) {transformation: [-1f,0f,0f,-0.125f,0f,0.8932f,-0.4496f,0.415f,0f,-0.4496f,-0.8932f,0.1686f,0f,0f,0f,1f],start_interpolation: 0,interpolation_duration: 1}
$data merge entity $(bone_rightleg) {transformation: [-1f,0f,0f,-0.125f,0f,0.8932f,-0.4496f,0.75f,0f,-0.4496f,-0.8932f,0f,0f,0f,0f,1f],start_interpolation: 0,interpolation_duration: 1}
$data merge entity $(bone_lowerleftleg) {transformation: [-1f,0f,0f,0.125f,0f,0.8932f,0.4496f,0.415f,0f,0.4496f,-0.8932f,-0.1686f,0f,0f,0f,1f],start_interpolation: 0,interpolation_duration: 1}
$data merge entity $(bone_leftleg) {transformation: [-1f,0f,0f,0.125f,0f,0.8932f,0.4496f,0.75f,0f,0.4496f,-0.8932f,0f,0f,0f,0f,1f],start_interpolation: 0,interpolation_duration: 1}
$data merge entity $(block_display_tingle_pen) {transformation: [-0.4096f,0.0194f,-0.2866f,-0.353f,-0.2868f,-0.0336f,0.4093f,1.7805f,-0.0017f,0.9992f,0.0194f,-0.1744f,0f,0f,0f,1f],start_interpolation: 0,interpolation_duration: 1}
$data merge entity $(bone_rightarm) {transformation: [-0.8192f,0.5732f,0.0194f,-0.375f,-0.5735f,-0.8185f,-0.0336f,1.375f,-0.0034f,-0.0387f,0.9992f,0f,0f,0f,0f,1f],start_interpolation: 0,interpolation_duration: 1}
$data merge entity $(item_display_tingle_book) {transformation: [-0.3536f,0f,-0.3536f,0.3125f,-0.3158f,0.2248f,0.3158f,0.9572f,0.159f,0.4466f,-0.159f,0.5601f,0f,0f,0f,1f],start_interpolation: 0,interpolation_duration: 1}
$data merge entity $(bone_leftarm) {transformation: [-1f,0f,0f,0.375f,0f,0.8932f,-0.4496f,1.375f,0f,-0.4496f,-0.8932f,0f,0f,0f,0f,1f],start_interpolation: 0,interpolation_duration: 1}