# This file was generated by Animated Java via MC-Build. It is not recommended to edit this file directly.
$data merge entity $(bone_lowerrightleg) {transformation: [-1f,0f,0f,-0.125f,0f,0.9469f,-0.3214f,0.3949f,0f,-0.3214f,-0.9469f,0.1205f,0f,0f,0f,1f],start_interpolation: 0,interpolation_duration: 1}
$data merge entity $(bone_rightleg) {transformation: [-1f,0f,0f,-0.125f,0f,0.9469f,-0.3214f,0.75f,0f,-0.3214f,-0.9469f,0f,0f,0f,0f,1f],start_interpolation: 0,interpolation_duration: 1}
$data merge entity $(bone_lowerleftleg) {transformation: [-1f,0f,0f,0.125f,0f,0.9469f,0.3214f,0.3949f,0f,0.3214f,-0.9469f,-0.1205f,0f,0f,0f,1f],start_interpolation: 0,interpolation_duration: 1}
$data merge entity $(bone_leftleg) {transformation: [-1f,0f,0f,0.125f,0f,0.9469f,0.3214f,0.75f,0f,0.3214f,-0.9469f,0f,0f,0f,0f,1f],start_interpolation: 0,interpolation_duration: 1}
$data merge entity $(block_display_tingle_pen) {transformation: [-0.4096f,0.0136f,-0.2867f,-0.3519f,-0.2868f,-0.0236f,0.4094f,1.7787f,-0.0012f,0.9996f,0.0136f,-0.1783f,0f,0f,0f,1f],start_interpolation: 0,interpolation_duration: 1}
$data merge entity $(bone_rightarm) {transformation: [-0.8192f,0.5734f,0.0136f,-0.375f,-0.5735f,-0.8188f,-0.0236f,1.375f,-0.0024f,-0.0272f,0.9996f,0f,0f,0f,0f,1f],start_interpolation: 0,interpolation_duration: 1}
$data merge entity $(item_display_tingle_book) {transformation: [-0.3536f,0f,-0.3536f,0.3125f,-0.3348f,0.1607f,0.3348f,0.8836f,0.1136f,0.4735f,-0.1136f,0.4968f,0f,0f,0f,1f],start_interpolation: 0,interpolation_duration: 1}
$data merge entity $(bone_leftarm) {transformation: [-1f,0f,0f,0.375f,0f,0.9469f,-0.3214f,1.375f,0f,-0.3214f,-0.9469f,0f,0f,0f,0f,1f],start_interpolation: 0,interpolation_duration: 1}