# This file was generated by Animated Java via MC-Build. It is not recommended to edit this file directly.
$data merge entity $(bone_lowerrightleg) {transformation: [-1f,0f,0f,-0.125f,0f,0.9879f,0.1548f,0.3795f,0f,0.1548f,-0.9879f,-0.0581f,0f,0f,0f,1f],start_interpolation: 0,interpolation_duration: 1}
$data merge entity $(bone_rightleg) {transformation: [-1f,0f,0f,-0.125f,0f,0.9879f,0.1548f,0.75f,0f,0.1548f,-0.9879f,0f,0f,0f,0f,1f],start_interpolation: 0,interpolation_duration: 1}
$data merge entity $(bone_lowerleftleg) {transformation: [-1f,0f,0f,0.125f,0f,0.9879f,-0.1548f,0.3795f,0f,-0.1548f,-0.9879f,0.0581f,0f,0f,0f,1f],start_interpolation: 0,interpolation_duration: 1}
$data merge entity $(bone_leftleg) {transformation: [-1f,0f,0f,0.125f,0f,0.9879f,-0.1548f,0.75f,0f,-0.1548f,-0.9879f,0f,0f,0f,0f,1f],start_interpolation: 0,interpolation_duration: 1}
$data merge entity $(block_display_tingle_pen) {transformation: [-0.4096f,-0.0065f,-0.2868f,-0.3482f,-0.2868f,0.0112f,0.4095f,1.7723f,0.0006f,0.9999f,-0.0065f,-0.1918f,0f,0f,0f,1f],start_interpolation: 0,interpolation_duration: 1}
$data merge entity $(bone_rightarm) {transformation: [-0.8192f,0.5735f,-0.0065f,-0.375f,-0.5736f,-0.8191f,0.0112f,1.375f,0.0011f,0.0129f,0.9999f,0f,0f,0f,0f,1f],start_interpolation: 0,interpolation_duration: 1}
$data merge entity $(item_display_tingle_book) {transformation: [-0.3536f,0f,-0.3536f,0.3125f,-0.3493f,-0.0774f,0.3493f,0.7092f,-0.0547f,0.494f,0.0547f,0.212f,0f,0f,0f,1f],start_interpolation: 0,interpolation_duration: 1}
$data merge entity $(bone_leftarm) {transformation: [-1f,0f,0f,0.375f,0f,0.9879f,0.1548f,1.375f,0f,0.1548f,-0.9879f,0f,0f,0f,0f,1f],start_interpolation: 0,interpolation_duration: 1}