# This file was generated by Animated Java via MC-Build. It is not recommended to edit this file directly.
$data merge entity $(bone_lower_rightleg) {transformation: [-0.9964f,-0.0691f,-0.0497f,-0.1112f,-0.0526f,0.0409f,0.9978f,0.1361f,-0.0669f,0.9968f,-0.0444f,0.1368f,0f,0f,0f,1f],start_interpolation: 0,interpolation_duration: 1}
$data merge entity $(bone_rightleg) {transformation: [-0.9964f,-0.0302f,0.0796f,-0.1225f,-0.0526f,0.9532f,-0.2977f,0.4935f,-0.0669f,-0.3008f,-0.9513f,0.024f,0f,0f,0f,1f],start_interpolation: 0,interpolation_duration: 1}
$data merge entity $(bone_lower_leftleg) {transformation: [-0.9965f,-0.0681f,-0.0482f,0.1334f,-0.0499f,0.0227f,0.9985f,0.147f,-0.0669f,0.9974f,-0.026f,0.0822f,0f,0f,0f,1f],start_interpolation: 0,interpolation_duration: 1}
$data merge entity $(bone_leftleg) {transformation: [-0.9965f,-0.029f,0.0782f,0.1225f,-0.0499f,0.9586f,-0.2804f,0.5065f,-0.0669f,-0.2833f,-0.9567f,-0.024f,0f,0f,0f,1f],start_interpolation: 0,interpolation_duration: 1}
$data merge entity $(item_display_item_display) {transformation: [-0.1945f,0.0419f,0.98f,-0.141f,0.4531f,0.8899f,0.0519f,0.7245f,-0.87f,0.4542f,-0.1921f,0.6429f,0f,0f,0f,1f],start_interpolation: 0,interpolation_duration: 1}
$data merge entity $(bone_rightarm) {transformation: [-0.98f,-0.1945f,-0.0419f,-0.3676f,-0.0519f,0.4531f,-0.8899f,1.0841f,0.1921f,-0.87f,-0.4542f,0.2343f,0f,0f,0f,1f],start_interpolation: 0,interpolation_duration: 1}
$data merge entity $(bone_leftarm) {transformation: [-0.98f,-0.1944f,0.0423f,0.3674f,-0.0519f,0.0443f,-0.9977f,1.123f,0.1921f,-0.9799f,-0.0535f,0.0903f,0f,0f,0f,1f],start_interpolation: 0,interpolation_duration: 1}
$data merge entity $(bone_hat) {transformation: [-0.98f,-0.0517f,-0.1921f,-0.0002f,-0.0519f,0.9986f,-0.0041f,1.2243f,0.1921f,0.0059f,-0.9814f,0.1948f,0f,0f,0f,1f],start_interpolation: 0,interpolation_duration: 1}
$data merge entity $(bone_head) {transformation: [-0.98f,-0.0517f,-0.1921f,-0.0002f,-0.0519f,0.9986f,-0.0041f,1.2243f,0.1921f,0.0059f,-0.9814f,0.1948f,0f,0f,0f,1f],start_interpolation: 0,interpolation_duration: 1}
$data merge entity $(bone_torso) {transformation: [-0.98f,-0.0002f,-0.1989f,0f,-0.0519f,0.9657f,0.2545f,0.5f,0.1921f,0.2597f,-0.9464f,0f,0f,0f,0f,1f],start_interpolation: 0,interpolation_duration: 1}
data modify entity @s data merge value {"cameras":{},"locators":{"locator":{"px":0.00015800195112432086,"py":-0.2242671953429093,"pz":-0.19477424055942166,"ry":348.1291873954933,"rx":14.742057030305533}}}