# This file was generated by Animated Java via MC-Build. It is not recommended to edit this file directly.
$data merge entity $(bone_lower_rightleg) {transformation: [-0.9943f,-0.0729f,-0.0775f,-0.098f,-0.0795f,0.0249f,0.9965f,0.1315f,-0.0707f,0.997f,-0.0305f,0.1446f,0f,0f,0f,1f],start_interpolation: 0,interpolation_duration: 1}
$data merge entity $(bone_rightleg) {transformation: [-0.9943f,-0.056f,0.0905f,-0.119f,-0.0795f,0.9561f,-0.2819f,0.4901f,-0.0707f,-0.2875f,-0.9552f,0.0368f,0f,0f,0f,1f],start_interpolation: 0,interpolation_duration: 1}
$data merge entity $(bone_lower_leftleg) {transformation: [-0.9947f,-0.0715f,-0.074f,0.1389f,-0.0748f,0.0085f,0.9972f,0.1495f,-0.0706f,0.9974f,-0.0138f,0.065f,0f,0f,0f,1f],start_interpolation: 0,interpolation_duration: 1}
$data merge entity $(bone_leftleg) {transformation: [-0.9947f,-0.053f,0.0882f,0.119f,-0.0748f,0.961f,-0.2663f,0.5099f,-0.0706f,-0.2715f,-0.9599f,-0.0368f,0f,0f,0f,1f],start_interpolation: 0,interpolation_duration: 1}
$data merge entity $(item_display_item_display) {transformation: [-0.2642f,0.1524f,0.9524f,-0.1086f,0.697f,0.7127f,0.0793f,0.6026f,-0.6666f,0.6848f,-0.2945f,0.5253f,0f,0f,0f,1f],start_interpolation: 0,interpolation_duration: 1}
$data merge entity $(bone_rightarm) {transformation: [-0.9524f,-0.2642f,-0.1524f,-0.3572f,-0.0793f,0.697f,-0.7127f,1.0738f,0.2945f,-0.6666f,-0.6848f,0.2728f,0f,0f,0f,1f],start_interpolation: 0,interpolation_duration: 1}
$data merge entity $(bone_leftarm) {transformation: [-0.9524f,-0.2641f,0.1526f,0.3571f,-0.0793f,-0.2687f,-0.96f,1.1333f,0.2945f,-0.9263f,0.2349f,0.0519f,0f,0f,0f,1f],start_interpolation: 0,interpolation_duration: 1}
$data merge entity $(bone_hat) {transformation: [-0.9524f,-0.0791f,-0.2946f,-0.0001f,-0.0793f,0.9968f,-0.0111f,1.2243f,0.2945f,0.0128f,-0.9556f,0.1948f,0f,0f,0f,1f],start_interpolation: 0,interpolation_duration: 1}
$data merge entity $(bone_head) {transformation: [-0.9524f,-0.0791f,-0.2946f,-0.0001f,-0.0793f,0.9968f,-0.0111f,1.2243f,0.2945f,0.0128f,-0.9556f,0.1948f,0f,0f,0f,1f],start_interpolation: 0,interpolation_duration: 1}
$data merge entity $(bone_torso) {transformation: [-0.9524f,-0.0001f,-0.305f,0f,-0.0793f,0.9657f,0.2473f,0.5f,0.2945f,0.2597f,-0.9197f,0f,0f,0f,0f,1f],start_interpolation: 0,interpolation_duration: 1}
data modify entity @s data merge value {"cameras":{},"locators":{"locator":{"px":0.00008898902105447136,"py":-0.2242655745888501,"pz":-0.19478031098249365,"ry":341.6534282999322,"rx":14.317724323029983}}}