# This file was generated by Animated Java via MC-Build. It is not recommended to edit this file directly.
$data merge entity $(bone_lower_rightleg) {transformation: [-0.995f,-0.0725f,-0.0689f,-0.1024f,-0.0713f,0.0304f,0.997f,0.133f,-0.0702f,0.9969f,-0.0354f,0.1423f,0f,0f,0f,1f],start_interpolation: 0,interpolation_duration: 1}
$data merge entity $(bone_rightleg) {transformation: [-0.995f,-0.0478f,0.0879f,-0.1203f,-0.0713f,0.9552f,-0.2874f,0.4911f,-0.0702f,-0.2922f,-0.9538f,0.0328f,0f,0f,0f,1f],start_interpolation: 0,interpolation_duration: 1}
$data merge entity $(bone_lower_leftleg) {transformation: [-0.9953f,-0.0712f,-0.0661f,0.1373f,-0.0672f,0.0131f,0.9977f,0.1488f,-0.0701f,0.9974f,-0.0179f,0.0705f,0f,0f,0f,1f],start_interpolation: 0,interpolation_duration: 1}
$data merge entity $(bone_leftleg) {transformation: [-0.9953f,-0.0454f,0.0859f,0.1203f,-0.0672f,0.9603f,-0.2709f,0.5089f,-0.0701f,-0.2754f,-0.9588f,-0.0328f,0f,0f,0f,1f],start_interpolation: 0,interpolation_duration: 1}
$data merge entity $(item_display_item_display) {transformation: [-0.2473f,0.1122f,0.9624f,-0.1157f,0.6273f,0.7755f,0.0708f,0.636f,-0.7385f,0.6213f,-0.2622f,0.5658f,0f,0f,0f,1f],start_interpolation: 0,interpolation_duration: 1}
$data merge entity $(bone_rightarm) {transformation: [-0.9624f,-0.2473f,-0.1122f,-0.361f,-0.0708f,0.6273f,-0.7755f,1.077f,0.2622f,-0.7385f,-0.6213f,0.2608f,0f,0f,0f,1f],start_interpolation: 0,interpolation_duration: 1}
$data merge entity $(bone_leftarm) {transformation: [-0.9624f,-0.2471f,0.1126f,0.3608f,-0.0708f,-0.1718f,-0.9826f,1.1301f,0.2622f,-0.9536f,0.1479f,0.0642f,0f,0f,0f,1f],start_interpolation: 0,interpolation_duration: 1}
$data merge entity $(bone_hat) {transformation: [-0.9624f,-0.0705f,-0.2622f,-0.0002f,-0.0708f,0.9975f,-0.0083f,1.2242f,0.2622f,0.0106f,-0.965f,0.195f,0f,0f,0f,1f],start_interpolation: 0,interpolation_duration: 1}
$data merge entity $(bone_head) {transformation: [-0.9624f,-0.0705f,-0.2622f,-0.0002f,-0.0708f,0.9975f,-0.0083f,1.2242f,0.2622f,0.0106f,-0.965f,0.195f,0f,0f,0f,1f],start_interpolation: 0,interpolation_duration: 1}
$data merge entity $(bone_torso) {transformation: [-0.9624f,-0.0002f,-0.2716f,0f,-0.0708f,0.9656f,0.2502f,0.5f,0.2622f,0.26f,-0.9293f,0f,0f,0f,0f,1f],start_interpolation: 0,interpolation_duration: 1}
data modify entity @s data merge value {"cameras":{},"locators":{"locator":{"px":0.00016605917424644117,"py":-0.22420960326638095,"pz":-0.19498826364964061,"ry":343.7115508399452,"rx":14.48679092240794}}}