# This file was generated by Animated Java via MC-Build. It is not recommended to edit this file directly.
$data merge entity $(bone_lower_rightleg) {transformation: [-0.999f,-0.0412f,-0.0186f,-0.1219f,-0.0206f,0.0492f,0.9986f,0.1405f,-0.0402f,0.9979f,-0.05f,0.1245f,0f,0f,0f,1f],start_interpolation: 0,interpolation_duration: 1}
$data merge entity $(bone_rightleg) {transformation: [-0.999f,-0.0073f,0.0446f,-0.1246f,-0.0206f,0.9518f,-0.3059f,0.4975f,-0.0402f,-0.3065f,-0.951f,0.0095f,0f,0f,0f,1f],start_interpolation: 0,interpolation_duration: 1}
$data merge entity $(bone_lower_leftleg) {transformation: [-0.999f,-0.0409f,-0.0182f,0.1272f,-0.0198f,0.0371f,0.9991f,0.1442f,-0.0402f,0.9985f,-0.0379f,0.1011f,0f,0f,0f,1f],start_interpolation: 0,interpolation_duration: 1}
$data merge entity $(bone_leftleg) {transformation: [-0.999f,-0.007f,0.0443f,0.1246f,-0.0198f,0.9555f,-0.2945f,0.5025f,-0.0402f,-0.295f,-0.9546f,-0.0095f,0f,0f,0f,1f],start_interpolation: 0,interpolation_duration: 1}
$data merge entity $(item_display_item_display) {transformation: [-0.077f,-0.0165f,0.9969f,-0.2038f,0.0475f,0.9987f,0.0202f,0.9471f,-0.9959f,0.0489f,-0.0761f,0.7348f,0f,0f,0f,1f],start_interpolation: 0,interpolation_duration: 1}
$data merge entity $(bone_rightarm) {transformation: [-0.9969f,-0.077f,0.0165f,-0.3737f,-0.0202f,0.0475f,-0.9987f,1.0961f,0.0761f,-0.9959f,-0.0489f,0.1902f,0f,0f,0f,1f],start_interpolation: 0,interpolation_duration: 1}
$data merge entity $(bone_leftarm) {transformation: [-0.9969f,-0.0769f,-0.0168f,0.3739f,-0.0202f,0.4565f,-0.8895f,1.1113f,0.0761f,-0.8864f,-0.4567f,0.1331f,0f,0f,0f,1f],start_interpolation: 0,interpolation_duration: 1}
$data merge entity $(bone_hat) {transformation: [-0.9969f,-0.0202f,-0.0761f,0.0001f,-0.0202f,0.9998f,-0.0009f,1.2245f,0.0761f,0.0006f,-0.9971f,0.194f,0f,0f,0f,1f],start_interpolation: 0,interpolation_duration: 1}
$data merge entity $(bone_head) {transformation: [-0.9969f,-0.0202f,-0.0761f,0.0001f,-0.0202f,0.9998f,-0.0009f,1.2245f,0.0761f,0.0006f,-0.9971f,0.194f,0f,0f,0f,1f],start_interpolation: 0,interpolation_duration: 1}
$data merge entity $(bone_torso) {transformation: [-0.9969f,0.0002f,-0.0787f,0f,-0.0202f,0.966f,0.2579f,0.5f,0.0761f,0.2587f,-0.963f,0f,0f,0f,0f,1f],start_interpolation: 0,interpolation_duration: 1}
data modify entity @s data merge value {"cameras":{},"locators":{"locator":{"px":-0.00011337382751259363,"py":-0.2244740648126542,"pz":-0.1940033931667316,"ry":355.3266777750932,"rx":14.944305761436716}}}