# This file was generated by Animated Java via MC-Build. It is not recommended to edit this file directly.
$data merge entity $(bone_lower_rightleg) {transformation: [-1f,0.0048f,0.0022f,-0.1253f,0.0025f,0.0451f,0.999f,0.1425f,0.0047f,0.999f,-0.0451f,0.1133f,0f,0f,0f,1f],start_interpolation: 0,interpolation_duration: 1}
$data merge entity $(bone_rightleg) {transformation: [-1f,0.0009f,-0.0053f,-0.125f,0.0025f,0.9533f,-0.3021f,0.5f,0.0047f,-0.3021f,-0.9532f,0f,0f,0f,0f,1f],start_interpolation: 0,interpolation_duration: 1}
$data merge entity $(bone_lower_leftleg) {transformation: [-1f,0.0048f,0.0021f,0.1247f,0.0023f,0.0464f,0.9989f,0.1427f,0.0047f,0.9989f,-0.0464f,0.1138f,0f,0f,0f,1f],start_interpolation: 0,interpolation_duration: 1}
$data merge entity $(bone_leftleg) {transformation: [-1f,0.0008f,-0.0052f,0.125f,0.0023f,0.9529f,-0.3034f,0.5f,0.0047f,-0.3034f,-0.9529f,0f,0f,0f,0f,1f],start_interpolation: 0,interpolation_duration: 1}
$data merge entity $(item_display_item_display) {transformation: [0f,0f,1f,-0.25f,-0.1646f,0.9864f,0f,1.073f,-0.9864f,-0.1646f,0f,0.7369f,0f,0f,0f,1f],start_interpolation: 0,interpolation_duration: 1}
$data merge entity $(bone_rightarm) {transformation: [-1f,0f,0f,-0.375f,0f,-0.1646f,-0.9864f,1.1038f,0f,-0.9864f,0.1646f,0.1615f,0f,0f,0f,1f],start_interpolation: 0,interpolation_duration: 1}
$data merge entity $(bone_leftarm) {transformation: [-1f,0f,0f,0.375f,0f,0.635f,-0.7725f,1.1038f,0f,-0.7725f,-0.635f,0.1615f,0f,0f,0f,1f],start_interpolation: 0,interpolation_duration: 1}
$data merge entity $(bone_hat) {transformation: [-1f,0f,0f,0f,0f,1f,-0.0005f,1.2245f,0f,-0.0005f,-1f,0.1938f,0f,0f,0f,1f],start_interpolation: 0,interpolation_duration: 1}
$data merge entity $(bone_head) {transformation: [-1f,0f,0f,0f,0f,1f,-0.0005f,1.2245f,0f,-0.0005f,-1f,0.1938f,0f,0f,0f,1f],start_interpolation: 0,interpolation_duration: 1}
$data merge entity $(bone_torso) {transformation: [-1f,0f,0f,0f,0f,0.966f,0.2584f,0.5f,0f,0.2584f,-0.966f,0f,0f,0f,0f,1f],start_interpolation: 0,interpolation_duration: 1}
data modify entity @s data merge value {"cameras":{},"locators":{"locator":{"px":0.00003468635473036198,"py":-0.22453747740533814,"pz":-0.19376646415715454,"ry":359.9994430382708,"rx":14.972492953727029}}}