# This file was generated by Animated Java via MC-Build. It is not recommended to edit this file directly.
$data merge entity $(bone_lower_rightleg) {transformation: [-0.9974f,-0.0692f,-0.0217f,-0.1228f,-0.0215f,-0.0047f,0.9998f,0.1416f,-0.0693f,0.9976f,0.0032f,0.0799f,0f,0f,0f,1f],start_interpolation: 0,interpolation_duration: 1}
$data merge entity $(bone_rightleg) {transformation: [-0.9974f,-0.0031f,0.0724f,-0.1239f,-0.0215f,0.9669f,-0.2542f,0.5042f,-0.0693f,-0.2551f,-0.9644f,-0.0158f,0f,0f,0f,1f],start_interpolation: 0,interpolation_duration: 1}
$data merge entity $(bone_lower_leftleg) {transformation: [-0.9974f,-0.0688f,-0.0213f,0.125f,-0.0199f,-0.0217f,0.9996f,0.1316f,-0.0692f,0.9974f,0.0203f,0.1052f,0f,0f,0f,1f],start_interpolation: 0,interpolation_duration: 1}
$data merge entity $(bone_leftleg) {transformation: [-0.9974f,-0.0028f,0.072f,0.1239f,-0.0199f,0.9711f,-0.2377f,0.4958f,-0.0692f,-0.2385f,-0.9687f,0.0158f,0f,0f,0f,1f],start_interpolation: 0,interpolation_duration: 1}
$data merge entity $(item_display_item_display) {transformation: [0.1306f,0.0001f,0.9914f,-0.3213f,0.2565f,0.9659f,-0.0338f,0.8471f,-0.9577f,0.2587f,0.1261f,0.6365f,0f,0f,0f,1f],start_interpolation: 0,interpolation_duration: 1}
$data merge entity $(bone_rightarm) {transformation: [-0.9914f,0.1306f,-0.0001f,-0.3718f,0.0338f,0.2565f,-0.9659f,1.1164f,-0.1261f,-0.9577f,-0.2587f,0.1144f,0f,0f,0f,1f],start_interpolation: 0,interpolation_duration: 1}
$data merge entity $(bone_leftarm) {transformation: [-0.9914f,0.1306f,-0.0001f,0.3718f,0.0338f,0.2565f,-0.9659f,1.091f,-0.1261f,-0.9577f,-0.2587f,0.209f,0f,0f,0f,1f],start_interpolation: 0,interpolation_duration: 1}
$data merge entity $(bone_hat) {transformation: [-0.9914f,0.0339f,0.1261f,0f,0.0338f,0.9994f,-0.0022f,1.2245f,-0.1261f,0.0021f,-0.992f,0.1941f,0f,0f,0f,1f],start_interpolation: 0,interpolation_duration: 1}
$data merge entity $(bone_head) {transformation: [-0.9914f,0.0339f,0.1261f,0f,0.0338f,0.9994f,-0.0022f,1.2245f,-0.1261f,0.0021f,-0.992f,0.1941f,0f,0f,0f,1f],start_interpolation: 0,interpolation_duration: 1}
$data merge entity $(bone_torso) {transformation: [-0.9914f,0.0001f,0.1306f,0f,0.0338f,0.9659f,0.2565f,0.5f,-0.1261f,0.2587f,-0.9577f,0f,0f,0f,0f,1f],start_interpolation: 0,interpolation_duration: 1}
data modify entity @s data merge value {"cameras":{},"locators":{"locator":{"px":-0.00004173220866395908,"py":-0.2244583395461579,"pz":-0.19406213572061498,"ry":7.764488331435501,"rx":14.864086208910322}}}