# This file was generated by Animated Java via MC-Build. It is not recommended to edit this file directly.
$data merge entity $(bone_lower_rightleg) {transformation: [-0.9914f,0.1276f,0.0282f,-0.174f,0.1277f,0.9918f,0.0015f,0.3868f,-0.0278f,0.0051f,-0.9996f,0.0793f,0f,0f,0f,1f],start_interpolation: 0,interpolation_duration: 1}
$data merge entity $(bone_rightleg) {transformation: [-0.9914f,0.1307f,-0.0001f,-0.125f,0.1277f,0.9686f,-0.2132f,0.75f,-0.0278f,-0.2114f,-0.977f,0f,0f,0f,0f,1f],start_interpolation: 0,interpolation_duration: 1}
$data merge entity $(bone_lower_leftleg) {transformation: [-0.9979f,-0.064f,-0.014f,0.1496f,-0.064f,0.9979f,0.002f,0.3845f,0.0139f,0.0029f,-0.9999f,0.0801f,0f,0f,0f,1f],start_interpolation: 0,interpolation_duration: 1}
$data merge entity $(bone_leftleg) {transformation: [-0.9979f,-0.0655f,0.0002f,0.125f,-0.064f,0.9747f,-0.214f,0.75f,0.0139f,-0.2136f,-0.9768f,0f,0f,0f,0f,1f],start_interpolation: 0,interpolation_duration: 1}