# This file was generated by Animated Java via MC-Build. It is not recommended to edit this file directly.
$data merge entity $(bone_lower_rightleg) {transformation: [-0.9808f,0.1906f,0.0423f,-0.1982f,0.1907f,0.9816f,-0.0016f,0.3907f,-0.0418f,0.0065f,-0.9991f,0.0787f,0f,0f,0f,1f],start_interpolation: 0,interpolation_duration: 1}
$data merge entity $(bone_rightleg) {transformation: [-0.9808f,0.1952f,0f,-0.125f,0.1907f,0.958f,-0.214f,0.75f,-0.0418f,-0.2099f,-0.9768f,0f,0f,0f,0f,1f],start_interpolation: 0,interpolation_duration: 1}
$data merge entity $(bone_lower_leftleg) {transformation: [-0.9808f,-0.1906f,-0.0423f,0.1982f,-0.1907f,0.9816f,-0.0016f,0.3907f,0.0418f,0.0065f,-0.9991f,0.0787f,0f,0f,0f,1f],start_interpolation: 0,interpolation_duration: 1}
$data merge entity $(bone_leftleg) {transformation: [-0.9808f,-0.1952f,0f,0.125f,-0.1907f,0.958f,-0.214f,0.75f,0.0418f,-0.2099f,-0.9768f,0f,0f,0f,0f,1f],start_interpolation: 0,interpolation_duration: 1}