# This file was generated by Animated Java via MC-Build. It is not recommended to edit this file directly.
$data merge entity $(bone_lower_rightleg) {transformation: [-1f,-0.0036f,0.004f,-0.1245f,0.004f,-0.0115f,0.9999f,0.143f,-0.0035f,0.9999f,0.0115f,0.0696f,0f,0f,0f,1f],start_interpolation: 0,interpolation_duration: 1}
$data merge entity $(bone_rightleg) {transformation: [-1f,0.0048f,0.0024f,-0.1227f,0.004f,0.9688f,-0.2477f,0.5063f,-0.0035f,-0.2477f,-0.9688f,-0.0233f,0f,0f,0f,1f],start_interpolation: 0,interpolation_duration: 1}
$data merge entity $(bone_lower_leftleg) {transformation: [-1f,-0.0036f,0.0039f,0.1209f,0.0039f,-0.0102f,0.9999f,0.1305f,-0.0035f,0.9999f,0.0102f,0.1166f,0f,0f,0f,1f],start_interpolation: 0,interpolation_duration: 1}
$data merge entity $(bone_leftleg) {transformation: [-1f,0.0047f,0.0024f,0.1227f,0.0039f,0.9685f,-0.249f,0.4937f,-0.0035f,-0.249f,-0.9685f,0.0233f,0f,0f,0f,1f],start_interpolation: 0,interpolation_duration: 1}
$data merge entity $(bone_rightarm) {transformation: [-0.9812f,0.1756f,0.0796f,-0.3679f,0.0504f,0.6323f,-0.7731f,1.1223f,-0.1861f,-0.7546f,-0.6293f,0.0931f,0f,0f,0f,1f],start_interpolation: 0,interpolation_duration: 1}
$data merge entity $(bone_leftarm) {transformation: [-0.9812f,0.1754f,-0.0799f,0.3681f,0.0504f,-0.1667f,-0.9847f,1.0845f,-0.1861f,-0.9703f,0.1547f,0.2327f,0f,0f,0f,1f],start_interpolation: 0,interpolation_duration: 1}
$data merge entity $(bone_hat) {transformation: [-0.9812f,0.0501f,0.1862f,0.0001f,0.0504f,0.9987f,-0.0029f,1.2241f,-0.1861f,0.0066f,-0.9825f,0.1955f,0f,0f,0f,1f],start_interpolation: 0,interpolation_duration: 1}
$data merge entity $(bone_head) {transformation: [-0.9812f,0.0501f,0.1862f,0.0001f,0.0504f,0.9987f,-0.0029f,1.2241f,-0.1861f,0.0066f,-0.9825f,0.1955f,0f,0f,0f,1f],start_interpolation: 0,interpolation_duration: 1}
$data merge entity $(bone_torso) {transformation: [-0.9812f,0.0002f,0.1928f,0f,0.0504f,0.9654f,0.2557f,0.5f,-0.1861f,0.2606f,-0.9473f,0f,0f,0f,0f,1f],start_interpolation: 0,interpolation_duration: 1}