# This file was generated by Animated Java via MC-Build. It is not recommended to edit this file directly.
$data merge entity $(bone_lower_rightleg) {transformation: [-0.9998f,-0.0172f,-0.0077f,-0.1238f,-0.0084f,0.0466f,0.9989f,0.1417f,-0.0169f,0.9988f,-0.0468f,0.1178f,0f,0f,0f,1f],start_interpolation: 0,interpolation_duration: 1}
$data merge entity $(bone_rightleg) {transformation: [-0.9998f,-0.0029f,0.0186f,-0.1249f,-0.0084f,0.9528f,-0.3036f,0.499f,-0.0169f,-0.3037f,-0.9526f,0.0039f,0f,0f,0f,1f],start_interpolation: 0,interpolation_duration: 1}
$data merge entity $(bone_lower_leftleg) {transformation: [-0.9998f,-0.0172f,-0.0074f,0.1259f,-0.0081f,0.0416f,0.9991f,0.1432f,-0.0169f,0.999f,-0.0417f,0.1082f,0f,0f,0f,1f],start_interpolation: 0,interpolation_duration: 1}
$data merge entity $(bone_leftleg) {transformation: [-0.9998f,-0.0027f,0.0185f,0.1249f,-0.0081f,0.9543f,-0.2987f,0.501f,-0.0169f,-0.2988f,-0.9542f,-0.0039f,0f,0f,0f,1f],start_interpolation: 0,interpolation_duration: 1}
$data merge entity $(bone_rightarm) {transformation: [-0.9995f,-0.0293f,0.0132f,-0.3748f,-0.0082f,-0.1641f,-0.9864f,1.1006f,0.0311f,-0.986f,0.1638f,0.1734f,0f,0f,0f,1f],start_interpolation: 0,interpolation_duration: 1}
$data merge entity $(bone_leftarm) {transformation: [-0.9995f,-0.0292f,-0.0134f,0.3749f,-0.0082f,0.6353f,-0.7723f,1.1068f,0.0311f,-0.7717f,-0.6352f,0.1502f,0f,0f,0f,1f],start_interpolation: 0,interpolation_duration: 1}
$data merge entity $(bone_hat) {transformation: [-0.9995f,-0.0082f,-0.0311f,0.0001f,-0.0082f,1f,-0.0001f,1.2244f,0.0311f,0.0002f,-0.9995f,0.1942f,0f,0f,0f,1f],start_interpolation: 0,interpolation_duration: 1}
$data merge entity $(bone_head) {transformation: [-0.9995f,-0.0082f,-0.0311f,0.0001f,-0.0082f,1f,-0.0001f,1.2244f,0.0311f,0.0002f,-0.9995f,0.1942f,0f,0f,0f,1f],start_interpolation: 0,interpolation_duration: 1}
$data merge entity $(bone_torso) {transformation: [-0.9995f,0.0001f,-0.0321f,0f,-0.0082f,0.9659f,0.2588f,0.5f,0.0311f,0.2589f,-0.9654f,0f,0f,0f,0f,1f],start_interpolation: 0,interpolation_duration: 1}